1327 27
1328 30
1329 14
1330 23
1331 20
1332 22
1333 30
1334 29
1335 41
1336 24
1337 37
1338 19
1339 30
1340 19
1341 20
1342 17
1343 20
1344 38
1345 17
1346 39
1347 36
1348 26
1349 23
1350 25
1351 29
1352 34
1353 24
1354 22
1355 5
1356 50
1357 48
1358 38
1359 37
1360 43
1361 32
1362 42
1363 20
1364 55
1365 32
1366 45
1367 25
1368 54
1369 10
1370 17
1371 34
1372 34
1373 36
1374 23
1375 19
1376 28
1377 21
1378 13
1379 31
1380 20
1381 20
1382 46
1383 19
1384 25
1385 13
1386 30
1387 56
1388 4
1389 37
1390 39
1391 47
1392 46
1393 30
1394 32
1395 49
1396 23
1397 22
1398 56
1399 55
1400 56
1401 45
1402 57
1403 92
1404 42
1405 34
1406 67
1407 31
