0 24
1 16
2 16
3 23
4 21
5 21
6 16
7 43
8 12
9 19
10 23
11 15
12 47
13 33
14 19
15 33
16 22
17 25
18 17
19 28
20 20
21 24
22 15
23 14
24 18
25 31
26 20
27 15
28 2
29 23
30 22
31 19
32 27
33 21
34 19
35 26
36 28
37 28
38 15
39 25
40 14
41 19
42 17
43 19
44 23
45 28
46 22
47 26
48 21
49 26
50 28
51 18
52 24
53 20
54 23
55 13
56 25
57 6
58 21
59 49
60 45
61 42
62 84
63 43
64 38
65 10
66 46
17 29
67 40
68 50
69 22
70 17
71 33
72 17
73 31
74 30
75 13
76 20
77 22
78 35
79 18
80 23
81 23
82 26
83 23
84 29
85 20
86 19
87 20
88 12
89 32
90 28
91 31
92 36
93 20
94 14
95 16
96 49
97 14
98 34
99 28
100 21
101 32
102 29
103 27
104 25
105 29
106 30
107 21
108 31
109 20
110 26
111 18
112 28
113 27
114 29
115 26
116 26
118 18
119 24
120 36
121 13
122 25
123 24
124 24
125 25
126 21
127 39
128 40
129 17
130 25
131 21
132 21
133 21
134 19
135 26
136 23
137 16
138 25
139 9
140 31
141 27
142 21
143 26
144 20
145 36
146 19
147 20
148 33
149 27
150 20
151 26
152 23
153 23
154 15
155 27
156 26
157 29
158 25
159 34
160 22
161 24
162 20
163 28
164 26
165 38
166 26
167 30
168 32
169 29
170 31
171 17
172 35
173 14
174 24
175 25
176 37
177 41
178 41
179 45
180 36
181 48
182 39
183 5
184 46
185 32
186 53
187 36
188 21
189 18
190 20
191 33
192 20
193 27
194 25
195 17
196 28
197 25
198 24
199 59
200 53
201 41
202 37
203 52
204 50
205 47
206 28
207 43
208 38
209 32
210 29
211 27
212 25
213 25
214 20
215 25
216 32
217 27
218 21
219 30
220 22
221 41
222 22
223 28
224 16
225 7
226 17
227 13
228 27
229 29
230 26
231 26
232 28
233 23
234 21
235 26
236 19
237 28
238 21
239 32
240 20
241 22
242 27
243 29
244 25
245 35
246 22
247 23
248 36
249 27
250 32
251 18
252 15
253 15
254 1
255 27
256 27
257 22
258 38
259 45
260 45
261 15
262 23
263 36
264 24
265 23
266 27
267 36
268 24
269 21
270 32
271 22
272 31
273 22
274 29
275 22
276 27
277 18
278 22
279 18
280 23
281 19
282 30
283 3
284 15
285 15
286 16
287 27
288 27
289 52
290 65
291 32
292 57
293 34
294 44
295 61
296 49
297 38
298 49
299 19
300 19
301 14
302 21
303 18
304 14
305 20
306 14
307 13
308 19
309 41
310 23
311 21
312 25
313 22
314 27
315 21
316 25
317 23
318 6
319 26
320 17
321 14
322 26
323 26
324 21
325 31
326 28
327 29
328 34
329 39
330 24
331 17
332 11
333 21
334 27
335 18
336 12
337 30
338 15
339 29
340 13
341 44
342 27
343 29
344 32
345 14
346 29
347 14
348 4
349 26
350 27
351 36
352 21
353 25
354 21
355 27
356 39
357 34
358 20
359 19
360 87
361 44
362 37
363 36
364 35
365 32
366 23
367 23
368 29
369 26
370 29
371 23
372 12
373 20
374 19
375 24
376 30
377 19
378 35
379 25
380 29
381 35
382 13
383 17
384 30
385 29
386 18
387 22
388 22
389 23
390 16
391 31
392 22
393 19
394 24
395 20
396 7
397 17
398 24
399 43
400 28
401 18
402 23
403 33
404 26
405 37
406 28
407 43
408 14
409 30
410 42
411 23
412 41
413 24
414 28
415 20
416 19
417 25
418 34
419 38
420 20
421 27
422 1
423 24
424 23
425 22
426 45
427 21
428 14
429 19
430 17
431 20
432 26
433 17
434 15
435 21
436 22
437 22
438 25
439 20
440 27
441 35
442 20
443 21
444 28
445 32
446 22
447 18
448 26
449 9
450 27
451 56
452 52
453 47
454 46
455 44
456 10
457 44
458 36
459 30
460 25
461 28
462 16
463 10
464 35
465 17
466 28
467 27
468 2
469 73
470 53
471 50
472 54
473 46
474 48
475 37
476 40
477 46
478 46
479 25
480 13
481 15
482 26
483 20
484 15
485 24
486 20
487 14
488 14
489 18
490 21
491 12
492 44
493 14
494 23
495 28
496 19
497 16
498 15
499 30
500 22
501 18
502 22
503 19
504 20
505 36
506 27
507 32
508 18
509 13
510 21
511 21
512 17
513 21
514 20
515 15
516 18
517 11
518 19
519 27
520 75
521 18
522 40
523 26
524 8
525 42
526 31
527 6
528 15
529 20
530 14
531 7
532 13
533 16
534 27
535 10
536 28
537 19
538 25
539 18
540 27
541 23
542 27
543 27
544 29
545 31
546 18
547 17
548 31
549 7
550 31
551 30
552 8
553 28
554 19
555 25
556 22
557 21
558 35
559 20
560 30
561 21
562 35
563 11
564 20
565 25
566 33
567 21
568 18
569 21
570 36
571 17
572 39
573 33
574 29
575 22
576 7
577 22
578 32
579 25
580 19
581 23
582 23
583 17
584 26
585 19
586 22
587 20
588 27
589 31
590 34
591 18
592 42
593 24
594 16
595 39
596 38
597 23
598 43
599 17
600 35
601 22
602 38
603 17
604 36
605 34
606 24
607 24
608 34
609 23
610 29
611 23
612 23
613 23
614 22
615 19
616 21
617 19
618 23
619 32
620 19
621 30
622 20
623 51
624 17
625 21
626 24
627 25
628 22
629 40
630 10
631 40
632 26
633 49
634 49
635 29
636 30
637 30
638 50
639 37
640 34
641 23
642 18
643 33
644 16
645 28
646 22
647 21
648 41
649 33
650 36
651 24
652 31
653 39
654 51
655 30
656 27
657 23
658 42
659 67
660 26
661 50
662 47
663 32
664 45
665 49
666 38
667 30
668 5
669 17
670 21
671 20
672 13
673 18
674 27
675 28
676 21
677 11
678 35
679 19
680 22
681 19
682 16
683 24
684 31
685 19
686 44
687 26
688 22
689 45
690 44
691 51
692 53
693 44
694 37
695 49
696 36
697 46
698 46
699 0
700 22
701 31
702 14
703 17
704 28
705 23
706 25
707 13
708 18
709 20
710 26
711 11
712 23
713 21
714 24
715 17
716 22
717 19
718 21
719 26
720 25
721 23
722 26
723 28
724 18
725 5
726 20
727 25
728 21
729 57
730 25
731 23
732 44
733 31
734 23
735 42
736 19
737 27
738 29
739 33
740 27
741 29
742 30
743 13
744 15
745 20
746 38
747 31
748 34
749 39
750 4
751 30
752 22
753 30
754 26
755 21
756 21
757 24
758 26
759 26
760 42
761 22
762 32
763 26
764 2
765 35
766 40
767 24
768 8
769 23
770 28
771 23
772 35
773 42
774 28
775 23
776 16
777 14
778 19
779 25
780 21
781 15
782 18
783 26
784 19
785 32
786 22
787 36
788 21
789 14
790 23
791 25
792 27
793 21
794 28
795 22
796 40
797 18
798 23
799 19
800 21
801 31
802 15
803 24
804 17
805 1
806 17
807 24
808 33
809 33
810 40
811 8
812 21
813 30
814 25
815 24
816 31
817 28
818 31
819 25
820 2
821 28
822 24
823 30
824 22
825 25
826 26
827 26
828 24
829 24
830 32
831 28
832 28
833 10
834 25
835 17
836 19
837 29
838 25
839 23
840 27
841 19
842 19
843 27
844 27
845 35
846 26
847 28
848 3
849 20
850 19
851 33
852 17
853 25
854 20
855 20
856 22
857 20
858 29
859 13
860 15
861 22
862 18
863 6
864 31
865 21
866 28
867 25
868 22
869 19
870 19
871 26
872 22
873 21
874 23
875 16
876 25
877 12
878 32
879 25
880 17
881 21
882 25
883 24
884 10
885 47
886 50
887 22
888 22
889 46
890 31
891 28
892 10
893 38
894 22
895 38
896 36
897 23
898 30
899 45
900 26
901 23
902 24
903 35
904 24
905 27
906 35
907 25
908 25
909 28
910 14
911 29
912 17
913 50
914 27
915 33
916 12
917 25
918 25
919 25
920 7
921 15
922 23
923 28
924 26
925 21
926 27
927 24
928 20
929 15
930 20
931 27
932 17
933 28
934 21
935 18
936 16
937 25
938 18
939 16
940 28
941 28
942 33
943 21
944 21
945 31
946 28
947 15
948 25
949 20
950 17
951 33
952 14
953 27
954 18
955 33
956 29
957 29
958 24
959 43
960 1
961 25
962 17
963 20
964 23
965 24
966 36
967 27
968 36
969 32
970 36
971 34
972 17
973 19
974 27
975 34
976 27
977 24
978 27
979 22
980 36
981 27
982 37
983 28
984 31
985 21
986 7
987 18
988 19
989 43
990 20
991 15
992 16
993 17
994 16
995 33
996 11
997 40
998 14
999 10
1000 14
1001 36
1002 8
1003 22
1004 52
1005 14
1006 30
1007 36
1008 31
1009 25
1010 24
1011 38
1012 18
1013 30
1014 5
1015 37
1016 26
1017 24
1018 20
1019 23
1020 28
1021 19
1022 16
1023 17
1024 21
1025 19
1026 40
1027 47
1028 37
1029 37
1030 31
1031 58
1032 56
1033 38
1034 54
1035 42
1036 8
1037 17
1038 27
1039 25
1040 23
1041 31
1042 35
1043 25
1044 41
1045 25
1046 26
1047 32
1048 24
1049 51
1050 21
1051 17
1052 29
1053 19
1054 19
1055 23
1056 31
1057 24
1058 29
1059 31
1060 22
1061 13
1062 35
1063 18
1064 36
1065 18
1066 26
1067 29
1068 31
1069 32
1070 31
1071 35
1072 24
1073 20
1074 33
1075 23
1076 25
1077 26
1078 39
1079 30
1080 23
1081 18
1082 36
1083 21
1084 54
1085 28
1086 9
1087 26
1088 21
1089 17
1090 27
1091 30
1092 34
1093 27
1094 22
1095 33
1096 27
1097 28
1098 24
1099 26
1100 28
1101 22
1102 34
1103 22
1104 29
1105 43
1106 25
1107 32
1108 26
1109 25
1110 6
1111 20
1112 2
1113 23
1114 25
1115 36
1116 24
1117 34
1118 40
1119 56
1120 16
1121 37
1122 39
1123 19
1124 46
1125 20
1126 20
1127 18
1128 27
1129 24
1130 13
1131 27
1132 20
1133 25
1134 16
1135 30
1136 42
1137 23
1138 10
1139 33
1140 20
1141 8
1142 52
1143 9
1144 21
1145 27
1146 24
1147 36
1148 30
1149 23
1150 18
1151 31
1152 1
1153 16
1154 16
1155 42
1156 17
1157 19
1158 33
1159 39
1160 33
1161 15
1162 29
1163 20
1164 18
1165 5
1166 24
1167 30
1168 23
1169 10
1170 22
1171 18
1172 11
1173 15
1174 22
1175 16
1176 19
1177 23
1178 23
1179 16
1180 12
1181 11
1182 27
1183 20
1184 24
1185 21
1186 24
1187 20
1188 31
1189 25
1190 18
1191 30
1192 35
1193 15
1194 25
1195 12
1196 24
1197 25
1198 29
1199 11
1200 21
1201 21
1202 12
1203 24
1204 24
1205 19
1206 40
1207 32
1208 5
1209 32
1210 31
1211 32
1212 56
1213 21
1214 19
1215 12
1216 16
1217 36
1218 32
1219 29
1220 23
1221 5
1222 18
1223 24
1224 24
1225 24
1226 19
1227 20
1228 22
1229 21
1230 34
1231 11
1232 21
1233 23
1234 10
1235 9
1236 53
1237 51
1238 45
1239 48
1240 41
1241 43
1242 30
1243 28
1244 24
1245 54
1246 34
1247 38
1248 86
1249 65
1250 11
1251 31
1252 22
1253 46
1254 23
1255 23
1256 26
1257 36
1258 22
1259 26
1260 26
1261 25
1262 21
1263 21
1264 29
1265 29
1266 7
1267 15
1268 31
1269 19
1270 8
1271 7
1272 14
1273 30
1274 19
1275 22
1276 22
1277 25
1278 21
1279 27
1280 29
1281 26
1282 4
1283 17
1284 22
1285 25
1286 40
1287 46
1288 43
1289 54
1290 73
1291 36
1292 46
1293 35
1294 55
1295 47
1296 29
1297 31
1298 52
1299 19
1300 18
1301 15
1302 17
1303 37
1304 21
1305 37
1306 20
1307 17
1308 18
1309 25
1310 20
1311 21
1312 23
1313 18
1314 26
1315 21
1316 12
1317 14
1318 28
1319 25
1320 15
1321 27
1322 21
1323 20
1324 27
1325 34
1326 26
1327 27
1328 30
1329 14
1330 23
1331 20
1332 22
1333 30
1334 29
1335 41
1336 24
1337 37
1338 19
1339 30
1340 19
1341 20
1342 17
1343 20
1344 38
1345 17
1346 39
1347 36
1348 26
1349 23
1350 25
1351 29
1352 34
1353 24
1354 22
1355 5
1356 50
1357 48
1358 38
1359 37
1360 43
1361 32
1362 42
1363 20
1364 55
1365 32
1366 45
1367 25
1368 54
1369 10
1370 17
1371 34
1372 34
1373 36
1374 23
1375 19
1376 28
1377 21
1378 13
1379 31
1380 20
1381 20
1382 46
1383 19
1384 25
1385 13
1386 30
1387 56
1388 4
1389 37
1390 39
1391 47
1392 46
1393 30
1394 32
1395 49
1396 23
1397 22
1398 56
1399 55
1400 56
1401 45
1402 57
1403 92
1404 42
1405 34
1406 67
1407 31
1408 35
1409 59
1410 63
1411 38
1412 54
1413 31
1414 29
1415 20
1416 27
1417 29
1418 27
1419 23
1420 16
1421 36
1422 27
1423 21
1424 27
1425 27
1426 23
1427 35
1428 19
1429 34
1430 24
1431 22
1432 30
1433 55
1434 26
1435 25
1436 15
1437 16
1438 16
1439 6
1440 16
1441 17
1442 22
1443 12
1444 17
1445 25
1446 50
1447 7
1448 30
1449 25
1450 38
1451 42
1452 38
1453 14
1454 34
1455 17
1456 30
1457 26
1458 24
1459 24
1460 23
1461 36
1462 17
1463 39
1464 32
1465 38
1466 24
1467 34
1468 33
1469 43
1470 27
1471 33
1472 29
1473 21
1474 29
1475 13
1476 29
1477 13
1478 18
1479 17
1480 28
1481 17
1482 34
1483 25
1484 57
1485 28
1486 21
1487 42
1488 27
1489 42
1490 37
1491 29
1492 86
1493 0
1494 29
1495 29
1496 24
1497 28
1498 27
1499 25
1500 37
1501 23
1502 32
1503 25
1504 21
1505 10
1506 30
1507 22
1508 28
1509 31
1510 24
1511 18
1512 13
1513 31
1514 28
1515 35
1516 31
1517 20
1518 37
1519 20
1520 25
1521 47
1522 32
1523 38
1524 24
1525 45
1526 38
1527 42
1528 33
1529 38
1530 36
1531 30
1532 28
1533 11
1534 18
1535 20
1536 25
1537 22
1538 21
1539 25
1540 19
1541 27
1542 21
1543 18
1544 28
1545 16
1546 20
1547 7
1548 22
1549 26
1550 18
1551 23
1552 19
1553 19
1554 18
1555 45
1556 19
1557 20
1558 23
1559 21
1560 22
1561 29
1562 26
1563 19
1564 23
1565 31
1566 27
1567 20
1568 25
1569 33
1570 20
1571 34
1572 25
1573 30
1574 23
1575 32
1576 51
1577 42
1578 30
1579 31
1580 31
1581 34
1582 32
1583 20
1584 15
1585 20
1586 24
1587 20
1588 16
1589 30
1590 34
1591 19
1592 18
1593 22
1594 34
1595 17
1596 40
1597 18
1598 31
1599 24
1600 23
1601 24
1602 39
1603 27
1604 42
1605 31
1606 30
1607 50
1608 23
1609 23
1610 28
1611 27
1612 36
1613 15
1614 47
1615 21
1616 25
1617 16
1618 27
1619 22
1620 17
1621 19
1622 35
1623 52
1624 37
1625 23
1626 26
1627 26
1628 24
1629 31
1630 24
1631 21
1632 25
1633 9
1634 22
1635 10
1636 34
1637 21
1638 31
1639 28
1640 24
1641 32
1642 15
1643 29
1644 25
1645 20
1646 22
1647 23
1648 16
1649 17
1650 19
1651 8
1652 25
1653 27
1654 32
1655 28
1656 17
1657 27
1658 27
1659 38
1660 58
1661 22
1662 32
1663 27
1664 51
1665 22
1666 25
1667 30
1668 28
1669 30
1670 46
1671 40
1672 44
1673 21
1674 20
1675 26
1676 27
1677 25
1678 27
1679 21
1680 24
1681 39
1682 71
1684 17
1685 60
1686 57
1687 45
1688 48
1689 51
1690 69
1691 29
1692 8
1693 21
1694 22
1695 20
1696 20
1697 16
1698 20
1699 21
1700 20
1701 30
1702 31
1703 26
1704 15
1705 18
1706 21
1707 24
1708 19
1709 33
1710 14
1711 44
1712 14
1713 23
1714 31
1715 27
1716 26
1717 21
1718 25
1719 20
1720 42
1721 42
1722 17
1723 19
1724 17
1725 20
1726 28
1727 14
1728 27
1729 29
1730 26
1731 15
1732 30
1733 14
1734 20
1735 32
1736 19
1737 19
1738 21
1739 23
1740 31
1741 24
1742 44
1743 36
1744 20
1745 25
1746 43
1747 48
1748 11
1749 34
1750 26
1751 56
1752 26
1753 21
1754 13
1755 34
1756 33
1757 26
1758 27
1759 26
1760 26
1761 20
1762 27
1763 25
1764 19
1765 28
1766 39
1767 32
1768 38
1769 32
1770 22
1771 10
1772 27
1773 30
1774 27
1775 35
1776 21
1777 22
1778 29
1779 20
1780 26
1781 25
1782 23
1783 33
1784 14
1785 20
1786 32
1787 19
1788 24
1789 21
1790 32
1791 19
1792 20
1793 17
1794 65
1795 20
1796 16
1797 30
1798 23
1799 28
1800 23
1801 29
1802 37
1803 56
1804 28
1805 42
1806 23
1807 17
1808 18
1809 34
1810 19
1811 8
1812 28
1813 25
1814 23
1815 30
1816 22
1817 19
1818 16
1819 25
1820 26
1821 27
1822 48
1823 27
1824 47
1825 40
1826 32
1827 22
1828 51
1829 49
1830 32
1831 6
1832 24
1833 25
1834 32
1835 28
1836 20
1837 29
1838 19
1839 22
1840 27
1841 22
1842 25
1843 52
1844 26
1845 63
1846 42
1847 46
1848 44
1849 37
1850 33
1851 42
1852 27
1853 30
1854 37
1855 28
1856 22
1857 21
1858 21
1859 22
1860 22
1861 18
1862 8
1863 20
1864 15
1865 42
1866 19
1867 70
1868 10
1869 30
1870 8
1871 42
1872 21
1873 16
1874 25
1875 31
1876 22
1877 20
1878 15
1879 27
1880 12
1881 27
1882 29
1883 26
1884 29
1885 25
1886 22
1887 26
1888 27
1889 30
1890 18
1891 24
1892 5
1893 19
1894 24
1895 19
1896 22
1897 17
1898 12
1899 23
1900 33
1901 28
1902 20
1903 40
1904 19
1905 2
1906 23
1907 28
1908 20
1909 28
1910 23
1911 23
1912 55
1913 40
1914 23
1915 38
1916 33
1917 41
1918 40
1919 38
1920 46
1921 30
1922 16
1923 15
1924 22
1925 25
1926 26
1927 25
1928 29
1929 19
1930 21
1931 23
1932 33
1933 29
1934 25
1935 30
1936 11
1937 14
1938 24
1939 19
1940 21
1941 31
1942 25
1943 19
1944 15
1945 24
1946 21
1947 52
1948 24
1949 15
1950 9
1951 22
1952 24
1953 31
1954 27
1955 24
1956 23
1957 27
1958 31
1959 16
1960 29
1961 24
1962 20
1963 31
1964 16
1965 19
1966 24
1967 24
1968 22
1969 27
1970 19
1971 21
1972 36
1973 27
1974 16
1975 35
1976 13
1977 17
1978 22
1979 12
1980 7
1981 34
1982 32
1983 23
1984 20
1985 33
1986 25
1987 81
1988 51
1989 38
1990 22
1991 24
1992 29
1993 4
1994 22
1995 35
1996 20
1997 22
1998 23
1999 25
2000 19
2001 16
2002 29
2003 16
2004 23
2005 25
2006 18
2007 24
2008 4
2009 24
2010 17
2011 36
2012 11
2013 19
2014 28
2015 21
2016 28
2017 25
2018 22
2019 23
2020 21
2021 28
2022 3
2023 24
2024 20
2025 29
2026 35
2027 33
2028 27
2029 29
2030 23
2031 23
2032 70
2033 47
2034 59
2035 71
2036 63
2037 71
2038 66
2039 65
2040 55
2041 71
2042 24
2043 24
2044 21
2045 26
2046 18
2047 19
2048 26
2049 20
2050 25
2051 27
2052 23
2053 18
2054 16
2055 13
2056 37
2057 18
2058 12
2059 21
2060 27
2061 30
2062 25
2063 36
2064 14
2065 21
2066 23
2067 8
2068 22
2069 16
2070 37
2071 24
2072 23
2073 22
2074 10
2075 13
2076 17
2077 17
2078 7
2079 19
2080 25
2081 17
2082 20
2083 9
2084 23
2085 27
2086 28
2087 42
2088 32
2089 21
2090 34
2091 17
2092 26
2093 24
2094 27
2095 5
2096 17
2097 21
2098 19
2099 29
2100 24
2101 18
2102 40
2103 27
2104 13
2105 61
2106 22
2107 51
2108 92
2109 5
2110 35
2111 20
2112 24
2113 22
2114 21
2115 26
2116 18
2117 22
2118 31
2119 19
2120 16
2121 23
2122 25
2123 9
2124 24
2125 32
2126 29
2127 29
2128 31
2129 19
2130 26
2131 23
2132 23
2133 24
2134 28
2135 20
2136 13
2137 13
2138 47
2139 34
2140 29
2141 20
2142 37
2143 28
2144 17
2145 19
2146 16
2147 22
2148 21
2149 23
2150 35
2151 22
2152 23
2153 53
2154 16
2155 25
2156 23
2157 20
2158 25
2159 24
2160 35
2161 29
2162 57
2163 50
2164 40
2165 69
2166 42
2167 41
2168 17
2169 45
2170 46
2171 45
2172 18
2173 15
2174 21
2175 18
2176 25
2177 22
2178 15
2179 23
2180 16
2181 27
2182 28
2183 47
2184 45
2185 22
2186 18
2187 18
2188 14
2189 22
2190 24
2191 32
2192 48
2193 31
2194 32
2195 36
2196 19
2197 39
2198 52
2199 35
2200 31
2201 23
2202 22
2203 14
2204 28
2205 22
2206 39
2207 29
2208 24
2209 20
2210 35
2211 40
2212 33
2213 30
2214 37
2215 26
2216 44
2217 17
2218 33
2219 22
2220 24
2221 23
2222 54
2223 29
2224 28
2225 39
2226 52
2227 29
2228 33
2229 24
2230 27
2231 30
2232 19
2233 13
2234 28
2235 24
2236 36
2237 19
2238 21
2239 30
2240 23
2241 20
2242 21
2243 24
2244 25
2245 25
2246 27
2247 25
2248 9
2249 30
2250 27
2251 25
2252 29
2253 23
2254 17
2255 24
2256 21
2257 23
2258 25
2259 20
2260 17
2261 10
2262 17
2263 20
2264 29
2265 19
2266 16
2267 27
2268 17
2269 25
2270 17
2271 28
2272 19
2273 18
2274 16
2275 22
2276 23
2277 22
2278 24
2279 9
2280 27
2281 28
8 21
2282 25
2283 25
2284 23
2285 14
2286 29
2287 33
2288 3
2289 14
2290 21
2291 21
2292 12
2293 30
2294 22
2295 25
2296 18
2297 31
2298 25
2299 12
2300 20
2301 12
2302 16
2303 3
2304 15
2305 22
2306 41
2307 31
2308 19
2309 29
2310 8
2311 14
2312 19
2313 19
2314 28
2315 40
2316 2
2317 25
2318 23
2319 22
2320 18
2321 29
2322 25
2323 27
2324 64
2325 22
2326 28
2327 27
2328 1
2329 34
2330 12
2331 29
2332 23
2333 24
2334 21
2335 24
2336 35
2337 51
2338 56
2339 36
2340 32
2341 35
2342 51
2343 48
2344 42
2345 36
2346 20
2347 8
2348 42
2349 9
2350 31
2351 18
2352 19
2353 38
2354 66
2355 46
2356 42
2357 40
2358 22
2359 31
2360 32
2361 38
2362 59
2363 46
2364 20
2365 19
2366 27
2367 21
2368 18
2369 19
2370 25
2371 29
2372 20
2373 43
2374 22
2375 26
2376 24
2377 19
2378 16
2379 18
2380 16
2381 18
2382 9
2383 15
2384 26
2385 24
2386 18
2387 21
2388 40
2389 35
2390 27
2391 21
2392 20
2393 23
2394 31
2395 6
2396 52
2397 52
2398 125
2399 23
2400 35
2401 33
2402 52
2403 54
2404 27
2405 10
2406 20
2407 32
2408 17
2409 28
2410 21
2411 17
2412 21
2413 12
2414 21
2415 37
2416 23
2417 22
2418 16
2419 12
2420 17
2421 18
2422 24
2423 19
2424 27
2425 19
2426 28
2427 30
2428 16
2429 10
2430 44
2431 24
2432 29
2433 17
2434 38
2435 6
2436 37
2437 35
2438 24
2439 40
2440 41
2441 31
2442 25
2443 30
2444 18
2445 23
2446 37
2447 6
2448 20
2449 29
2450 32
2451 29
2452 21
2453 21
2454 30
2455 25
2456 30
2457 24
2458 23
2459 16
2460 34
2461 9
2462 28
2463 16
2464 26
2465 40
2466 25
2467 26
2468 28
2469 23
2470 22
2471 24
2472 17
2473 30
2474 26
2475 2
2476 22
2477 26
2478 29
2479 19
2480 18
2481 14
2482 15
2483 12
2484 22
2485 17
2486 35
2487 27
2488 11
2489 16
2490 24
2491 14
2492 13
2493 17
2494 14
2495 29
2496 17
2497 29
2498 32
2499 15
2500 29
2501 25
2502 30
2503 26
2504 6
2505 16
2506 22
2507 26
2508 47
2509 20
2510 25
2511 31
2512 42
2513 16
2514 72
2515 52
2516 54
2517 52
2518 34
2519 60
2520 33
2521 56
2522 46
2523 40
2524 15
2525 21
2526 26
2527 31
2528 27
2529 29
2530 29
2531 14
2532 25
2533 15
2534 22
2535 31
2536 20
2537 18
2538 8
2539 21
2540 37
2541 40
2542 24
2543 29
2544 26
2545 25
2546 22
2547 95
2548 17
2549 27
2550 24
2551 23
2552 27
2553 20
2554 29
2555 29
2556 35
2557 22
2558 22
2559 23
2560 40
2561 21
2562 6
2563 30
2564 31
2565 21
2566 24
2567 24
2568 17
2569 18
2570 22
2571 21
2572 39
2573 27
2574 28
2575 23
2576 17
2578 19
2579 23
2580 32
2581 22
2582 20
2583 34
2584 36
2585 19
2586 13
2587 27
2588 13
2589 54
2590 43
2591 21
2592 39
2593 44
2594 21
2595 21
2596 18
2597 26
2598 22
2599 28
2600 21
2601 1
2602 24
2603 20
2604 55
2605 53
2606 63
2607 54
2609 53
2610 31
2611 50
2612 55
2613 42
2614 29
2615 32
2616 24
2617 19
2618 35
2619 12
2620 14
2621 8
2622 21
2623 28
2624 26
2625 18
2626 25
2627 26
2628 37
2629 29
2630 25
2631 26
2632 19
2633 12
2634 23
2635 23
2636 1
2637 38
2638 26
2639 24
2640 24
2641 30
2642 20
2643 23
2644 27
2645 28
2646 23
2647 30
2648 22
2649 21
2650 25
2651 27
2652 30
2653 23
2654 29
2655 25
2656 21
2657 20
2658 17
2659 17
2660 36
2661 22
2662 22
2663 36
2664 29
2665 18
2666 20
2667 55
2668 22
2669 20
2670 27
2671 24
2672 26
2673 20
2674 4
2675 34
2676 22
2677 26
2678 20
2679 25
2680 27
2681 28
2682 30
2683 15
2684 14
2685 29
2686 28
2687 33
2688 10
2689 28
2690 30
2691 38
2692 46
2693 20
2694 29
2695 33
2696 28
2697 26
2698 16
2699 17
2700 24
2701 31
2702 24
2703 28
2704 48
2705 48
2706 55
2707 50
2708 42
2709 40
2710 41
2711 49
2712 43
2713 41
2714 26
2715 15
2716 46
2717 34
2718 34
2719 28
2720 30
2721 19
2722 34
2723 32
2724 28
2725 28
2726 33
2727 18
2728 13
2729 21
2730 28
2731 19
2732 33
2733 25
2734 12
2735 21
2736 31
2737 25
2738 34
2739 29
2740 24
2741 22
2742 24
2743 34
2744 14
2745 19
2746 18
2747 19
2748 29
2749 10
2750 36
2751 16
2752 29
2753 16
2754 16
2755 26
2756 26
2757 27
2758 21
2759 15
2760 20
2761 30
2762 4
2763 54
2764 53
2765 42
2766 34
2767 47
2768 60
2769 23
2770 50
2771 35
2772 41
2773 50
2774 41
2775 30
2776 25
2777 23
2778 20
2779 11
2780 31
2781 25
2782 25
2783 19
2784 22
2785 20
2786 22
2787 22
2788 26
2789 21
2790 21
2791 26
2792 18
2793 29
2794 0
2795 26
2796 35
2797 20
2798 27
2799 23
2800 49
2801 28
2802 22
2803 31
2804 24
2805 29
2806 26
2807 14
2808 27
2809 26
2810 23
2811 24
2812 26
2813 32
2814 21
2815 25
2816 26
2817 15
2818 8
2819 28
2820 24
2821 22
2822 5
2823 23
2824 23
2825 24
2826 18
2827 19
2828 31
2829 23
2830 24
2831 27
2832 13
2833 29
2834 21
2835 9
2836 26
2837 26
2838 21
2839 35
2840 21
2841 25
2842 38
2843 26
2844 17
2845 12
2846 44
2847 22
2848 19
2849 18
2850 12
2851 7
2852 23
2853 25
2854 54
2855 26
2856 27
2857 23
2858 31
2859 30
2860 24
2861 22
2862 12
2863 21
2864 21
2865 27
2866 2
2867 16
2868 24
2869 51
2870 22
2871 29
2872 26
2873 19
2874 26
2875 23
2876 21
2877 26
2878 18
2879 25
2880 11
2881 24
2882 24
2883 21
2884 27
2885 27
2886 22
2887 30
2888 26
2889 28
2890 31
2891 17
2892 27
2893 30
2894 19
2895 33
2896 28
2897 26
2898 20
2899 15
2900 36
2901 26
2902 31
2903 21
2904 27
2905 24
2906 14
2907 37
2908 42
2909 17
2910 36
2911 22
2912 27
2913 23
2914 13
2915 31
2916 24
2917 39
2918 18
2919 2
2920 21
2921 15
2922 25
2923 17
2924 25
2925 21
941 44
2926 12
2927 24
2928 35
2929 24
2930 20
2931 25
2932 14
2933 29
2934 43
2935 64
2936 45
2937 57
2938 30
2939 35
2940 26
2942 54
2943 35
2944 17
2945 30
2946 8
2947 15
2948 21
2949 20
2950 26
2951 33
2952 22
2953 17
2954 8
2955 23
2956 16
2957 19
2958 21
2959 26
2960 23
2961 18
2962 23
2963 22
2964 44
2965 27
2966 24
2967 28
2968 41
2969 23
2970 14
2971 45
2972 28
2973 20
2974 23
2975 26
2976 29
2977 23
2978 24
2979 23
2980 28
2981 26
2982 20
2983 26
2984 30
2985 27
2986 27
2987 28
2988 16
2989 17
2990 13
2991 19
2992 30
2993 33
2994 56
2995 49
2996 28
2997 43
2998 49
2999 48
3000 50
3001 58
3002 46
3003 17
3004 21
3005 12
3006 24
3007 18
3008 16
3009 21
3010 20
3011 18
3012 23
3013 26
3014 24
3015 40
3016 25
3017 16
3018 27
3019 37
3020 20
3021 22
3022 26
3023 19
3024 29
3025 28
3026 26
3027 23
3028 29
3029 22
3030 10
3031 26
3032 30
3033 22
3034 23
3035 18
3036 22
3037 26
3038 23
3039 20
3040 13
3041 14
3042 18
3043 19
3044 28
3045 28
3046 30
3047 33
3048 21
3049 17
3050 25
3051 17
3052 11
3053 21
3054 39
3055 17
3056 23
3057 22
3058 29
3059 18
3060 25
3061 25
3062 25
3063 64
3064 48
3065 53
3066 64
3067 63
3068 4
3069 43
3070 38
3071 31
3072 29
3073 20
3074 27
3075 21
3076 24
3077 33
3078 28
3079 13
3080 23
3081 27
3082 22
3083 21
3084 32
3085 31
3086 43
3087 40
3088 30
3089 40
3090 27
3091 22
3092 20
3093 21
3094 25
3095 21
3096 15
3097 16
3098 27
3099 24
3100 24
3101 29
3102 19
3103 23
3104 22
3105 18
3106 31
3107 23
3108 30
3109 30
3110 26
3111 44
3112 18
3113 15
3114 29
3115 20
3116 23
3117 26
3118 47
3119 21
3120 25
3121 20
3122 21
3123 11
3124 25
3125 26
3126 37
3127 20
3128 15
3129 10
3130 19
3131 17
3132 17
3133 27
3134 34
3135 22
3136 8
3137 32
3138 19
3139 24
3140 22
3141 23
3142 18
3143 23
3144 24
3145 37
3146 25
3147 29
3148 29
3149 21
3150 30
3151 20
3152 21
3153 23
3155 20
3156 28
3157 23
3158 19
3159 20
3160 29
3161 17
3162 21
3163 27
3164 12
3165 22
3166 32
3167 39
3168 24
3169 26
3170 31
3171 24
3172 20
3173 19
3174 19
3175 22
3176 15
3177 15
3178 24
3179 29
3180 33
3181 15
3182 35
3183 18
3184 10
3185 18
3186 36
3187 35
3188 33
3189 21
3190 23
3191 18
3192 48
3193 21
3194 39
3195 22
3196 22
3197 18
3198 32
3199 30
3200 22
3201 13
3202 18
3203 29
3204 33
3205 33
3206 38
3207 5
3208 39
3209 42
3210 33
3211 28
3212 19
3213 17
3214 16
3215 18
3216 19
3217 10
3218 36
3219 24
3220 17
3221 18
3222 20
3223 1
3224 22
3225 26
3226 32
3227 21
3228 26
3229 23
3230 31
3231 15
3232 20
3233 24
3234 49
3235 19
3236 19
3237 13
3238 36
3239 13
3240 27
3241 19
3242 22
3243 27
3244 28
3245 29
3246 31
3247 24
3248 37
3249 2
3250 21
3251 17
3252 19
3253 26
3254 24
3255 41
3256 12
3257 24
3258 32
3259 24
3260 20
3261 24
3262 20
3263 14
3264 12
3265 16
3266 34
3267 31
3268 19
3269 21
3270 46
3271 33
3272 16
3273 35
3274 31
3275 30
3276 41
3277 9
3278 22
3279 25
3280 13
3281 25
3282 22
3283 24
3284 13
3285 34
3286 23
3287 11
3288 13
3289 27
3290 20
3291 28
3292 7
3293 29
3294 29
3295 27
3296 22
3297 31
3298 16
3299 22
3300 26
3301 27
3302 31
3303 18
3304 23
3305 24
3306 1
3307 24
3308 26
3309 18
3310 29
3311 18
3312 23
3313 26
3314 26
3315 24
3316 33
3317 18
3318 25
3319 27
3320 26
3321 21
3322 26
3323 24
3324 35
3325 47
3326 32
3327 44
3328 15
3329 35
3330 15
3331 38
3332 17
3333 24
3334 23
3335 23
3336 30
3337 22
3338 16
3339 26
3340 26
3341 26
3342 17
3343 26
3344 29
3345 22
3346 9
3347 7
3348 24
3349 23
3350 16
3351 23
3352 21
3353 25
3354 29
3355 18
3356 29
3357 39
3358 17
3359 25
3360 15
3361 8
3362 15
3363 29
3364 25
3365 41
3366 22
3367 27
3368 10
3369 17
3370 14
3371 47
3372 30
3373 21
3374 19
3375 23
3376 32
3377 36
3378 21
3379 17
3380 22
3381 16
3382 23
3383 31
3384 34
3385 32
3386 25
3387 19
3388 1
3389 17
3390 22
3391 32
3392 32
3393 41
3394 24
3395 29
3396 20
3397 25
3398 26
3399 27
3400 29
3401 26
3402 19
3403 34
3404 21
3405 19
3406 30
3407 39
3408 19
3409 29
3410 21
3411 20
3412 24
3413 37
3414 16
3415 19
3416 36
3417 23
3418 31
3419 16
3420 16
3421 25
3422 31
3423 22
3424 22
3425 19
3426 27
3427 28
3428 19
3429 14
3430 23
3431 16
3432 19
3433 45
3434 55
3435 46
3436 44
3437 37
3438 46
3439 35
3440 37
3441 26
3442 40
3443 20
3444 26
3445 22
3446 21
3447 26
3448 26
3449 15
3450 43
3451 8
3452 39
3453 14
3454 11
3455 8
3456 26
3457 21
3458 50
3459 28
3460 41
3461 34
3462 22
3463 41
3464 26
3465 19
3466 21
3467 29
3468 27
3469 17
3470 15
3471 31
3472 24
3473 21
3474 29
3475 22
3476 19
3477 20
3478 26
3479 18
3480 17
3481 7
3482 37
3483 36
3484 19
3485 11
3486 18
3487 23
3488 24
3489 23
3490 22
3491 17
3492 21
3493 24
3494 14
3495 21
3496 18
3497 18
3498 23
3499 26
3500 12
3501 20
3502 14
3503 19
3504 20
3505 23
3506 24
3507 25
3508 26
3509 14
3510 23
3511 21
3512 15
3513 52
3514 27
3515 31
3516 33
3517 30
3518 33
3519 33
3520 31
3521 31
3522 19
3523 20
3524 47
3525 68
3526 37
3527 38
3528 42
3529 27
3530 27
3531 25
3532 36
3533 26
3534 34
3535 27
3536 24
3537 31
3538 21
3539 36
3540 29
3541 21
3542 12
3543 35
3544 19
3545 20
3546 22
3547 7
3548 28
3549 30
3550 22
3551 25
3552 25
3553 12
3554 18
3555 19
3556 21
3557 15
3558 28
3559 22
3560 2
3561 21
3562 11
3563 49
3564 54
3565 45
3566 26
3567 76
3568 60
3569 13
3570 45
3571 38
3572 49
3573 70
3574 30
3575 59
3576 46
3577 40
3578 22
3579 5
3580 32
3581 31
3582 25
3583 32
3584 26
3585 20
3586 33
3587 37
3588 24
3589 30
3590 17
3591 30
3592 13
3593 21
3594 35
3595 41
3596 33
3597 13
3598 20
3599 37
3600 33
3601 27
3602 32
3603 14
3604 25
3605 16
3606 15
3607 12
3608 32
3609 21
3610 49
3611 35
3612 33
3613 20
3614 38
3615 17
3616 21
3617 44
3618 16
3619 37
3620 3
3621 27
3622 17
3623 18
3624 26
3625 20
3626 21
3627 19
3628 34
3629 25
3630 20
3631 24
3632 18
3633 28
3634 21
3635 9
3636 24
3637 21
3638 25
3639 41
3640 24
3641 20
3642 25
3643 17
3644 25
3645 23
3646 21
3647 20
3648 20
3649 22
3650 27
3651 24
3652 27
3653 25
3654 19
3655 21
3656 26
3657 23
3658 15
3659 21
3660 17
3661 36
3662 20
3663 8
3664 24
3665 40
3666 35
3667 46
3668 22
3669 35
3670 31
3671 16
3672 43
3673 26
3674 17
3675 5
3676 25
3677 25
3678 36
3679 21
3680 23
3681 31
3682 32
3683 29
3684 24
3685 21
3686 40
3687 25
3688 8
3689 26
3690 16
3691 36
3692 38
3693 22
3694 19
3695 35
3696 25
3697 30
3698 49
3699 37
3700 19
3701 15
3702 9
3703 20
3704 35
3705 7
3706 10
3707 15
3708 27
3709 33
3710 23
3711 34
3712 29
3713 27
3714 13
3715 37
3716 33
3717 16
3718 43
3719 42
3720 42
3721 49
3722 47
3723 38
3724 54
3725 27
3726 35
3727 53
3728 14
3729 15
3730 20
3731 24
3732 32
3733 26
3734 26
3735 28
3736 28
3737 20
3738 43
3739 50
3740 53
3741 66
3742 50
3743 55
3744 27
3745 11
3746 56
3747 56
3748 26
3749 16
3750 24
3751 20
3752 28
3753 26
3754 27
3755 21
3756 2
3757 38
3758 25
3759 25
3760 18
3761 17
3762 22
3763 21
3764 25
3765 15
3766 21
3767 21
3768 30
3769 19
3770 9
3771 48
3772 25
3773 20
3774 31
3775 21
3776 25
3777 15
3778 21
3779 18
3780 24
3781 22
3782 24
3783 19
3784 24
3785 21
3786 23
3787 16
3788 20
3789 23
3790 28
3791 28
3792 50
3793 20
3794 36
3795 21
3796 19
3797 36
3798 21
3799 23
3800 19
3801 23
3802 19
3803 21
3804 19
3805 17
3806 17
3807 22
3808 18
3809 24
3810 13
3811 2
3812 28
3813 34
3814 26
3815 37
3816 24
3817 18
3818 8
3819 43
3820 57
3821 14
3822 31
3823 38
3824 6
3825 24
3826 21
3827 25
3828 30
3829 33
3830 18
3831 19
3832 25
3833 28
3834 19
3835 21
3836 20
3837 29
3838 16
3839 32
3840 30
3841 40
3842 39
3843 36
3844 53
3845 39
3846 11
3847 46
3848 26
3849 22
3850 14
3851 19
3852 46
3853 25
3854 23
3855 28
3856 21
3857 25
3858 33
3859 39
3860 25
3861 25
3862 38
3863 35
3864 32
3865 21
3866 21
3867 28
3868 20
3869 34
3870 21
3871 18
3872 41
3873 21
3874 27
3875 38
3876 19
3877 6
3878 21
3879 18
3880 29
3881 19
3882 28
3883 18
3884 19
3885 36
3886 34
3887 28
3888 29
3889 14
3890 17
3891 20
3892 15
3893 32
3894 19
3895 20
3896 14
3897 18
3898 26
3899 22
3900 19
3902 26
3903 19
3904 20
3905 27
3906 24
3907 25
3908 49
3909 59
3910 56
3911 35
3912 42
3913 43
3914 48
3915 55
3916 42
3917 55
3918 34
3919 17
3920 28
3921 24
3922 30
3923 20
3924 24
3925 25
3926 23
3927 31
3928 25
3929 22
3930 29
3931 32
3932 40
3933 9
3934 36
3935 43
3936 26
3937 18
3938 25
3939 19
3940 30
3941 30
3942 21
3943 40
3944 40
3945 33
3946 29
3947 32
3948 41
3949 27
3950 25
3951 36
3952 27
3953 23
3954 28
3955 21
3956 26
3957 13
3958 22
3959 25
3960 20
3961 48
3962 22
3963 16
3964 26
3965 51
3966 18
3967 34
3968 46
3969 20
3970 38
3971 32
3972 18
3973 45
3974 28
3975 24
3976 29
3977 37
3978 22
3979 21
3980 25
3981 27
3982 17
3983 20
3984 20
3985 24
3986 21
3987 15
3988 26
3989 21
3990 29
3991 23
3992 24
3993 19
3994 17
3995 20
3996 21
3997 14
3998 19
3999 22
4000 30
4001 12
4002 17
4003 5
4004 23
4005 21
4006 23
4007 18
4008 27
4009 25
4010 33
4011 21
4012 8
4013 16
4014 23
4015 25
4016 20
4017 29
4018 22
4019 21
4020 22
4021 27
4022 23
4023 24
4024 23
4025 18
4026 25
4027 26
4028 28
4029 29
4030 26
4031 25
4032 20
4033 19
4034 33
4035 26
4036 24
4037 23
4038 22
4039 23
4040 7
4041 12
4042 25
4043 36
4044 11
4045 21
4046 15
4047 28
4048 21
4049 19
4050 21
4051 25
4052 27
4053 21
4054 22
4055 23
4056 22
4057 27
4058 12
4059 18
4060 41
4061 21
4062 25
4063 21
4064 54
4065 30
4066 18
4067 32
4068 34
4069 30
4070 47
4071 26
4072 10
4073 20
4074 14
4075 52
4076 51
4077 16
4078 27
4079 10
4080 16
4081 14
4082 37
4083 21
4084 39
4085 25
4086 35
4087 30
4088 23
4089 21
4090 15
4091 17
4092 25
4094 19
4095 22
4096 26
4097 14
4098 9
4099 28
4100 33
4101 30
4102 24
4103 11
4104 30
4105 23
4106 37
4107 22
4108 30
4109 17
4110 14
4111 17
4112 27
4113 29
4114 33
4115 22
4116 24
4117 16
4118 14
4119 34
4120 27
4121 11
4122 7
4123 29
4124 20
4125 21
4126 29
4127 28
4128 28
4129 34
4130 31
4131 23
4132 25
4133 32
4134 23
4135 18
4136 29
4137 34
4138 27
4139 16
4140 32
4141 33
4142 17
4143 31
4144 47
4145 31
1 28
4146 22
4147 26
4148 2
4149 19
4150 24
4151 25
4152 21
4153 27
4154 20
4155 19
4156 31
4157 21
4158 21
4159 23
4160 41
4161 14
4162 22
4163 27
4164 32
4165 17
4166 21
4167 23
4168 33
4169 32
4170 30
4171 24
4172 22
4173 30
4174 21
4175 17
4176 22
4177 29
4178 27
4179 32
4180 33
4181 45
4182 33
4183 24
4184 31
4185 28
4186 31
4187 31
4188 2
4189 43
4190 20
4191 26
4192 25
4193 29
4194 29
4195 28
4196 25
4197 20
4198 32
4199 21
4200 28
4201 22
4202 28
4203 23
4204 21
4205 26
4206 8
4207 12
4208 18
4209 12
4210 34
4211 20
4212 23
4213 25
4214 35
4215 8
4216 15
4217 27
4218 26
4219 29
4220 31
4221 21
4222 24
4223 23
4224 27
4225 37
4226 59
4227 32
4228 49
4229 54
4230 55
4231 30
4232 48
4233 64
4234 58
4235 0
4236 23
4237 23
4238 17
4239 23
4240 24
4241 26
4242 33
4243 24
4244 21
4245 17
4246 19
4247 23
4248 15
4249 23
4250 14
4251 22
4252 26
4253 13
4254 25
4255 19
4256 34
4257 33
4258 35
4259 20
4260 46
4261 49
4262 34
4263 44
4264 42
4265 39
4266 5
4267 23
4268 20
4269 16
4270 17
4271 10
4272 19
4273 21
4274 18
4275 13
4276 26
4277 10
4278 27
4279 26
4280 25
4282 16
4283 32
4284 18
4285 14
4286 19
4287 33
4288 31
4289 20
4290 26
4291 34
4292 37
4293 24
4294 17
4295 2
4296 24
4297 18
4298 31
4299 23
4300 25
4301 19
4302 28
4303 25
4304 18
4305 22
4306 23
4307 22
4308 31
4309 33
4310 42
4311 21
4312 15
4313 20
4314 40
4315 15
4316 28
4317 29
4318 38
4319 38
4320 6
4321 39
4322 44
4323 51
4324 48
4325 43
4326 18
4327 22
4328 27
4329 26
4330 17
4331 31
4332 29
4333 36
4334 12
4335 42
4336 19
4337 23
4338 26
4339 19
4340 21
4341 20
4342 20
4343 23
4344 28
4345 27
4346 22
4347 25
4348 17
4349 18
4350 22
4351 25
4352 32
4353 19
4354 28
4355 60
552 18
4356 42
4357 25
4358 21
4359 26
4360 20
4361 16
4362 24
4363 21
4364 20
4365 19
4366 3
4367 22
4368 25
4369 32
4370 28
4371 17
4372 31
4373 18
4374 21
4375 18
4376 13
4377 30
4378 18
4379 32
4380 3
4381 24
4382 18
4383 22
4384 18
4385 23
4386 33
4387 32
4388 19
4389 20
4390 21
4391 19
4392 31
4393 36
4394 32
4395 49
4396 58
4397 40
4398 55
4399 37
4400 39
4401 33
4402 49
4403 38
4404 64
4405 39
4406 26
4407 25
4408 20
4409 28
4410 25
4411 23
4412 15
4413 28
4414 25
4415 13
4416 10
4417 17
4418 18
4419 34
4420 28
4421 19
4422 8
4423 25
4425 24
4426 22
4427 35
4428 19
4429 35
4430 11
4431 26
4432 51
4433 19
4434 33
4435 30
4436 31
4437 25
4438 24
4439 3
4440 29
4441 41
4442 30
4443 19
4444 22
4445 45
4446 35
4447 26
4448 24
4449 16
4450 23
4451 12
4452 93
4453 47
4454 39
4455 44
4456 45
4457 28
4458 45
4459 50
4460 33
4461 58
4462 25
4463 16
4464 65
4465 22
4466 25
4467 24
4468 46
4469 19
4470 11
4471 38
4472 22
4473 25
4474 22
4475 23
4476 27
4477 22
4478 23
4479 20
4480 18
4481 0
4482 15
4483 18
4484 17
4485 22
4486 27
4487 16
4488 21
4489 31
4490 31
4491 13
4492 27
4493 22
4494 6
4495 13
4496 25
4497 36
4498 36
4499 23
4500 33
4501 16
4502 16
4503 23
4504 27
4505 22
4506 20
4507 21
4508 18
4509 28
4510 15
4511 13
4512 45
4513 26
4514 24
4515 19
4516 34
4517 29
4518 12
4519 30
4520 26
4521 28
4522 9
4523 32
4524 24
4525 33
4526 29
4527 24
4528 25
4529 29
4530 16
4531 33
4532 25
4533 29
4534 30
4535 20
4536 42
4537 24
4538 19
4539 45
4540 29
4541 30
4542 43
4543 41
4544 63
4545 36
4546 51
4547 42
4548 39
4549 56
4550 53
4551 42
4553 35
4554 26
4555 32
4556 30
4557 40
4558 41
4559 16
4560 67
4561 19
4562 30
4563 25
4564 8
4565 15
4566 24
4567 14
4568 24
4569 17
4570 29
4571 17
4572 61
4573 17
4574 30
4575 24
4576 17
4577 29
4578 25
4579 25
4580 1
4581 23
4582 20
4583 21
4584 24
4585 33
4586 13
4587 21
4588 13
4589 25
4590 25
4591 19
4592 26
4593 20
4594 20
4595 17
4596 11
4597 31
4599 45
4600 62
4601 19
4602 33
4603 23
4604 24
4605 24
4606 18
4607 28
4608 8
4609 21
4610 23
4611 42
4612 23
4613 22
4614 16
4615 26
4616 6
4617 21
4618 16
4619 22
4620 20
4621 23
4622 27
4623 22
4624 25
4625 23
4626 23
4627 24
4628 16
4629 14
4630 31
4631 24
4632 16
4633 22
4634 33
4635 24
4636 39
4637 3
4638 32
4639 16
4640 23
4641 49
4642 13
4643 17
4644 18
4645 16
4646 19
4647 23
4648 14
4649 23
4650 7
4651 14
4652 26
4653 19
4654 24
4655 48
4656 17
4657 28
4658 36
4659 51
4660 20
4661 20
4662 33
4663 34
4664 1
4665 24
4666 34
4667 43
4668 32
4669 29
4670 27
4671 25
34 32
4672 27
4673 84
4674 84
4675 10
4676 62
4677 49
4678 42
4679 26
4680 20
4681 66
4682 32
4683 24
4684 35
4685 26
4686 20
4687 12
4688 24
4689 49
4690 28
4691 20
4692 32
4693 27
4694 24
4695 19
4696 17
4697 27
4698 26
4699 25
4700 23
4701 6
4702 38
4703 28
4704 32
4705 12
4706 22
4707 15
4708 16
4709 21
4710 36
4711 13
4712 54
4713 28
4714 52
4715 54
4716 31
4717 76
4718 71
4719 46
4720 23
4721 43
4722 22
4723 28
4724 25
4725 24
4726 40
4727 21
4728 26
4729 37
4730 27
4731 19
4732 17
4733 26
4735 33
4736 32
4737 26
4738 22
4739 24
4740 27
4741 35
4742 31
4743 52
4744 30
4745 31
4746 22
4747 7
4748 19
4749 33
4750 36
4751 23
4752 21
4753 28
4754 39
4755 35
4756 29
4757 22
4758 9
4759 33
4760 20
4761 18
4762 25
4763 27
4764 24
4765 20
4766 20
4767 26
4768 21
4769 25
4770 15
4771 18
4772 16
4773 18
4774 21
4775 21
4776 30
4777 22
4778 13
4779 24
4780 16
4781 21
4782 29
4783 24
4784 24
4785 17
4786 17
4787 8
4788 22
4789 23
4790 25
4791 25
4792 25
4793 30
4794 25
4795 28
4796 44
4797 43
4798 33
4799 25
4800 71
4801 14
4802 26
4803 19
4804 23
4805 18
4806 25
4807 16
4808 16
4809 17
4810 25
4811 21
4812 21
4813 21
4814 27
4815 6
4816 15
4817 18
4818 22
4819 23
4820 25
4821 15
4822 26
4823 16
4824 22
4825 42
4826 33
4827 17
4828 9
4829 24
4830 24
4831 30
4832 26
4833 34
4834 12
4835 27
4836 22
4837 21
4838 17
4839 29
4840 25
4841 18
4842 22
4843 21
4844 17
4845 27
4846 24
4847 23
4848 28
4849 28
4850 28
4851 16
4852 23
4853 34
4854 26
4855 26
4856 24
4857 60
4858 29
4859 22
4860 17
4861 20
4862 22
4863 25
4864 14
4865 44
4866 23
4867 23
4868 22
4869 19
4870 24
4871 23
4872 20
4873 14
4874 22
4875 33
4876 30
4877 28
4878 27
4879 26
4880 6
4881 22
4882 26
4883 20
4884 24
4885 24
4886 20
4887 23
4888 24
4889 20
4890 35
4891 20
4892 23
4893 18
4894 22
4895 20
4896 34
4897 23
4898 21
4899 16
4900 21
4901 24
4902 19
4903 40
4904 27
4905 49
4906 24
4907 39
4908 33
4909 42
4910 33
4911 22
4912 18
4913 25
4914 30
4915 27
4916 22
4917 23
4918 19
4919 15
4920 12
4921 21
4922 23
4923 18
4924 19
4925 23
4926 43
4927 42
4928 41
4929 36
4930 44
4931 23
4932 28
4933 8
4934 21
4935 20
4936 24
4937 17
4938 25
4939 16
4940 23
4941 30
4942 24
4943 33
4944 17
4945 39
4946 30
4947 19
4948 12
4949 40
4950 35
4951 40
4952 18
4953 22
4954 27
4955 21
4956 25
4957 23
4958 22
4959 27
4960 23
4961 14
4962 26
4963 24
4964 29
4965 24
4966 25
4967 23
4968 24
4969 24
4970 17
4971 33
4972 27
4973 16
4974 29
4975 9
4976 16
4977 30
4978 16
4979 26
4980 14
4981 22
4982 22
4983 24
4984 17
4985 25
4986 15
4987 21
4988 25
4989 34
4990 13
4991 46
4992 21
4993 29
4994 32
4995 51
4996 19
4997 21
4998 22
4999 32
5000 38
5001 35
5002 23
5003 2
5004 12
5005 40
5006 25
