3477 20
3478 26
3479 18
3480 17
3481 7
3482 37
3483 36
3484 19
3485 11
3486 18
3487 23
3488 24
3489 23
3490 22
3491 17
3492 21
3493 24
3494 14
3495 21
3496 18
3497 18
3498 23
3499 26
3500 12
3501 20
3502 14
3503 19
3504 20
3505 23
3506 24
3507 25
3508 26
3509 14
3510 23
3511 21
3512 15
3513 52
3514 27
3515 31
3516 33
3517 30
3518 33
3519 33
3520 31
3521 31
3522 19
3523 20
3524 47
3525 68
3526 37
3527 38
3528 42
3529 27
3530 27
3531 25
3532 36
3533 26
3534 34
3535 27
3536 24
3537 31
3538 21
3539 36
3540 29
3541 21
3542 12
3543 35
3544 19
3545 20
3546 22
3547 7
3548 28
3549 30
3550 22
3551 25
3552 25
3553 12
3554 18
3555 19
3556 21
3557 15
3558 28
3559 22
3560 2
3561 21
3562 11
3563 49
3564 54
3565 45
3566 26
3567 76
3568 60
3569 13
3570 45
3571 38
3572 49
3573 70
3574 30
3575 59
3576 46
3577 40
3578 22
3579 5
3580 32
3581 31
3582 25
3583 32
3584 26
3585 20
3586 33
3587 37
3588 24
3589 30
3590 17
3591 30
3592 13
3593 21
3594 35
3595 41
3596 33
3597 13
3598 20
3599 37
3600 33
3601 27
3602 32
3603 14
3604 25
3605 16
3606 15
3607 12
3608 32
3609 21
3610 49
3611 35
3612 33
3613 20
3614 38
3615 17
3616 21
3617 44
3618 16
3619 37
3620 3
3621 27
