2979 23
2980 28
2981 26
2982 20
2983 26
2984 30
2985 27
2986 27
2987 28
2988 16
2989 17
2990 13
2991 19
2992 30
2993 33
2994 56
2995 49
2996 28
2997 43
2998 49
2999 48
3000 50
3001 58
3002 46
3003 17
3004 21
3005 12
3006 24
3007 18
3008 16
3009 21
3010 20
3011 18
3012 23
3013 26
3014 24
3015 40
3016 25
3017 16
3018 27
3019 37
3020 20
3021 22
3022 26
3023 19
3024 29
3025 28
3026 26
3027 23
3028 29
3029 22
3030 10
3031 26
3032 30
3033 22
3034 23
3035 18
3036 22
3037 26
3038 23
3039 20
3040 13
3041 14
3042 18
3043 19
3044 28
3045 28
3046 30
3047 33
3048 21
3049 17
3050 25
3051 17
3052 11
3053 21
3054 39
3055 17
3056 23
3057 22
3058 29
3059 18
3060 25
3061 25
3062 25
3063 64
3064 48
3065 53
3066 64
3067 63
3068 4
3069 43
3070 38
3071 31
3072 29
3073 20
3074 27
3075 21
3076 24
3077 33
3078 28
3079 13
3080 23
3081 27
3082 22
3083 21
3084 32
3085 31
3086 43
3087 40
3088 30
3089 40
3090 27
3091 22
3092 20
3093 21
3094 25
3095 21
3096 15
3097 16
3098 27
3099 24
3100 24
3101 29
3102 19
3103 23
3104 22
3105 18
3106 31
3107 23
3108 30
3109 30
3110 26
3111 44
3112 18
3113 15
3114 29
3115 20
3116 23
3117 26
3118 47
3119 21
3120 25
3121 20
3122 21
3123 11
3124 25
3125 26
3126 37
3127 20
3128 15
3129 10
3130 19
3131 17
3132 17
3133 27
3134 34
3135 22
3136 8
3137 32
3138 19
3139 24
3140 22
3141 23
3142 18
3143 23
3144 24
3145 37
3146 25
3147 29
3148 29
3149 21
3150 30
3151 20
3152 21
3153 23
3155 20
3156 28
3157 23
3158 19
3159 20
3160 29
3161 17
3162 21
3163 27
3164 12
3165 22
3166 32
3167 39
3168 24
3169 26
3170 31
3171 24
3172 20
3173 19
3174 19
3175 22
3176 15
3177 15
3178 24
3179 29
3180 33
3181 15
3182 35
3183 18
3184 10
3185 18
3186 36
3187 35
3188 33
3189 21
3190 23
3191 18
3192 48
3193 21
3194 39
3195 22
3196 22
3197 18
3198 32
3199 30
3200 22
3201 13
3202 18
3203 29
3204 33
3205 33
3206 38
3207 5
3208 39
3209 42
3210 33
3211 28
3212 19
3213 17
3214 16
3215 18
3216 19
3217 10
3218 36
3219 24
3220 17
3221 18
3222 20
3223 1
3224 22
3225 26
3226 32
3227 21
3228 26
3229 23
3230 31
3231 15
3232 20
3233 24
3234 49
3235 19
3236 19
3237 13
3238 36
3239 13
3240 27
3241 19
3242 22
3243 27
3244 28
3245 29
3246 31
3247 24
3248 37
3249 2
3250 21
3251 17
3252 19
3253 26
3254 24
3255 41
3256 12
3257 24
3258 32
3259 24
3260 20
3261 24
3262 20
3263 14
3264 12
3265 16
3266 34
3267 31
3268 19
3269 21
3270 46
3271 33
3272 16
3273 35
3274 31
3275 30
3276 41
3277 9
3278 22
3279 25
3280 13
3281 25
3282 22
3283 24
3284 13
3285 34
3286 23
3287 11
3288 13
3289 27
3290 20
3291 28
3292 7
3293 29
3294 29
3295 27
3296 22
3297 31
3298 16
3299 22
3300 26
3301 27
3302 31
3303 18
3304 23
3305 24
3306 1
3307 24
3308 26
3309 18
3310 29
3311 18
3312 23
3313 26
3314 26
3315 24
3316 33
3317 18
3318 25
3319 27
3320 26
3321 21
3322 26
3323 24
3324 35
3325 47
3326 32
3327 44
3328 15
3329 35
3330 15
3331 38
3332 17
3333 24
3334 23
3335 23
3336 30
3337 22
3338 16
3339 26
3340 26
3341 26
3342 17
3343 26
3344 29
3345 22
3346 9
3347 7
3348 24
3349 23
3350 16
3351 23
3352 21
3353 25
3354 29
3355 18
3356 29
3357 39
3358 17
3359 25
3360 15
3361 8
3362 15
3363 29
3364 25
3365 41
3366 22
3367 27
3368 10
3369 17
3370 14
3371 47
3372 30
3373 21
3374 19
3375 23
3376 32
3377 36
3378 21
3379 17
3380 22
3381 16
3382 23
3383 31
3384 34
3385 32
3386 25
3387 19
3388 1
3389 17
3390 22
3391 32
3392 32
3393 41
3394 24
3395 29
3396 20
3397 25
3398 26
3399 27
3400 29
3401 26
3402 19
3403 34
3404 21
3405 19
3406 30
3407 39
3408 19
3409 29
3410 21
3411 20
3412 24
3413 37
3414 16
3415 19
3416 36
3417 23
3418 31
3419 16
3420 16
3421 25
3422 31
3423 22
3424 22
3425 19
3426 27
3427 28
3428 19
3429 14
3430 23
3431 16
3432 19
3433 45
3434 55
3435 46
3436 44
3437 37
3438 46
3439 35
3440 37
3441 26
3442 40
3443 20
3444 26
3445 22
3446 21
3447 26
3448 26
3449 15
3450 43
3451 8
3452 39
3453 14
3454 11
3455 8
3456 26
3457 21
3458 50
3459 28
3460 41
3461 34
3462 22
3463 41
3464 26
3465 19
3466 21
3467 29
3468 27
3469 17
3470 15
3471 31
3472 24
3473 21
3474 29
3475 22
3476 19
3477 20
3478 26
3479 18
3480 17
3481 7
3482 37
3483 36
3484 19
3485 11
3486 18
3487 23
3488 24
3489 23
3490 22
3491 17
3492 21
3493 24
3494 14
3495 21
3496 18
3497 18
3498 23
3499 26
3500 12
3501 20
3502 14
3503 19
3504 20
3505 23
3506 24
3507 25
3508 26
3509 14
3510 23
3511 21
3512 15
3513 52
3514 27
3515 31
3516 33
3517 30
3518 33
3519 33
3520 31
3521 31
3522 19
3523 20
3524 47
3525 68
3526 37
3527 38
3528 42
3529 27
3530 27
3531 25
3532 36
3533 26
3534 34
3535 27
3536 24
3537 31
3538 21
3539 36
3540 29
3541 21
3542 12
3543 35
3544 19
3545 20
3546 22
3547 7
3548 28
3549 30
3550 22
3551 25
3552 25
3553 12
3554 18
3555 19
3556 21
3557 15
3558 28
3559 22
3560 2
3561 21
