2670 27
2671 24
2672 26
2673 20
2674 4
2675 34
2676 22
2677 26
2678 20
2679 25
2680 27
2681 28
2682 30
2683 15
2684 14
2685 29
2686 28
2687 33
2688 10
2689 28
2690 30
2691 38
2692 46
2693 20
2694 29
2695 33
2696 28
2697 26
2698 16
2699 17
2700 24
2701 31
2702 24
2703 28
2704 48
2705 48
2706 55
2707 50
2708 42
2709 40
2710 41
2711 49
2712 43
2713 41
2714 26
2715 15
2716 46
2717 34
2718 34
2719 28
2720 30
2721 19
2722 34
2723 32
2724 28
2725 28
2726 33
2727 18
2728 13
2729 21
2730 28
2731 19
2732 33
2733 25
2734 12
2735 21
2736 31
2737 25
2738 34
