3845 39
3846 11
3847 46
3848 26
3849 22
3850 14
3851 19
3852 46
3853 25
3854 23
3855 28
3856 21
3857 25
3858 33
3859 39
3860 25
3861 25
3862 38
3863 35
3864 32
3865 21
3866 21
3867 28
3868 20
3869 34
3870 21
3871 18
3872 41
3873 21
3874 27
3875 38
3876 19
3877 6
3878 21
3879 18
3880 29
3881 19
3882 28
3883 18
3884 19
3885 36
3886 34
3887 28
3888 29
3889 14
3890 17
3891 20
3892 15
3893 32
3894 19
3895 20
3896 14
3897 18
3898 26
3899 22
3900 19
3902 26
3903 19
3904 20
3905 27
3906 24
3907 25
3908 49
3909 59
3910 56
3911 35
3912 42
3913 43
3914 48
3915 55
3916 42
3917 55
3918 34
3919 17
3920 28
3921 24
3922 30
3923 20
3924 24
3925 25
3926 23
3927 31
3928 25
3929 22
3930 29
3931 32
3932 40
3933 9
3934 36
3935 43
3936 26
3937 18
3938 25
3939 19
3940 30
3941 30
3942 21
3943 40
3944 40
3945 33
3946 29
3947 32
3948 41
3949 27
3950 25
3951 36
3952 27
3953 23
3954 28
3955 21
3956 26
3957 13
3958 22
3959 25
3960 20
3961 48
3962 22
3963 16
3964 26
3965 51
3966 18
3967 34
3968 46
3969 20
3970 38
3971 32
3972 18
3973 45
3974 28
3975 24
3976 29
3977 37
3978 22
3979 21
3980 25
3981 27
3982 17
3983 20
3984 20
3985 24
3986 21
3987 15
3988 26
3989 21
3990 29
3991 23
3992 24
3993 19
3994 17
3995 20
3996 21
3997 14
3998 19
3999 22
4000 30
4001 12
4002 17
4003 5
4004 23
4005 21
4006 23
4007 18
4008 27
4009 25
4010 33
4011 21
4012 8
4013 16
4014 23
4015 25
4016 20
4017 29
4018 22
4019 21
4020 22
4021 27
4022 23
4023 24
4024 23
4025 18
4026 25
4027 26
4028 28
4029 29
4030 26
4031 25
4032 20
4033 19
4034 33
4035 26
4036 24
4037 23
4038 22
4039 23
4040 7
4041 12
4042 25
4043 36
4044 11
4045 21
4046 15
4047 28
4048 21
4049 19
4050 21
4051 25
4052 27
4053 21
4054 22
4055 23
4056 22
4057 27
4058 12
4059 18
4060 41
4061 21
4062 25
4063 21
4064 54
4065 30
4066 18
4067 32
4068 34
4069 30
4070 47
4071 26
4072 10
4073 20
4074 14
4075 52
4076 51
4077 16
4078 27
4079 10
4080 16
4081 14
4082 37
4083 21
4084 39
4085 25
4086 35
4087 30
4088 23
4089 21
4090 15
4091 17
4092 25
4094 19
4095 22
4096 26
4097 14
4098 9
4099 28
4100 33
4101 30
4102 24
4103 11
4104 30
4105 23
4106 37
4107 22
4108 30
4109 17
4110 14
4111 17
4112 27
4113 29
4114 33
4115 22
4116 24
4117 16
4118 14
4119 34
4120 27
4121 11
4122 7
4123 29
4124 20
4125 21
4126 29
4127 28
4128 28
4129 34
4130 31
4131 23
4132 25
4133 32
4134 23
4135 18
4136 29
4137 34
4138 27
4139 16
4140 32
4141 33
4142 17
4143 31
4144 47
4145 31
