2167 41
2168 17
2169 45
2170 46
2171 45
2172 18
2173 15
2174 21
2175 18
2176 25
2177 22
2178 15
2179 23
2180 16
2181 27
2182 28
2183 47
2184 45
2185 22
2186 18
2187 18
2188 14
2189 22
2190 24
2191 32
2192 48
2193 31
2194 32
2195 36
2196 19
2197 39
2198 52
2199 35
2200 31
2201 23
2202 22
2203 14
2204 28
2205 22
2206 39
2207 29
2208 24
2209 20
2210 35
2211 40
2212 33
2213 30
2214 37
2215 26
2216 44
2217 17
2218 33
2219 22
2220 24
2221 23
2222 54
2223 29
2224 28
2225 39
2226 52
2227 29
2228 33
2229 24
2230 27
2231 30
2232 19
2233 13
2234 28
2235 24
2236 36
2237 19
2238 21
2239 30
2240 23
2241 20
2242 21
2243 24
2244 25
2245 25
2246 27
2247 25
2248 9
2249 30
2250 27
2251 25
2252 29
2253 23
2254 17
2255 24
2256 21
2257 23
2258 25
2259 20
2260 17
2261 10
2262 17
2263 20
2264 29
2265 19
2266 16
2267 27
2268 17
2269 25
2270 17
2271 28
2272 19
2273 18
2274 16
2275 22
2276 23
2277 22
2278 24
2279 9
2280 27
2281 28
