1088 21
1089 17
1090 27
1091 30
1092 34
1093 27
1094 22
1095 33
1096 27
1097 28
1098 24
1099 26
1100 28
1101 22
1102 34
1103 22
1104 29
1105 43
1106 25
1107 32
1108 26
1109 25
1110 6
1111 20
1112 2
1113 23
1114 25
1115 36
1116 24
1117 34
1118 40
1119 56
1120 16
1121 37
1122 39
1123 19
1124 46
1125 20
1126 20
1127 18
1128 27
1129 24
1130 13
1131 27
1132 20
1133 25
1134 16
1135 30
1136 42
1137 23
1138 10
1139 33
1140 20
1141 8
1142 52
1143 9
1144 21
1145 27
1146 24
1147 36
1148 30
1149 23
1150 18
1151 31
1152 1
1153 16
1154 16
1155 42
1156 17
1157 19
1158 33
1159 39
1160 33
1161 15
1162 29
1163 20
1164 18
1165 5
1166 24
1167 30
1168 23
1169 10
1170 22
1171 18
1172 11
1173 15
1174 22
1175 16
1176 19
1177 23
1178 23
1179 16
1180 12
1181 11
1182 27
1183 20
1184 24
1185 21
