1472 29
1473 21
1474 29
1475 13
1476 29
1477 13
1478 18
1479 17
1480 28
1481 17
1482 34
1483 25
1484 57
1485 28
1486 21
1487 42
1488 27
1489 42
1490 37
1491 29
1492 86
1493 0
1494 29
1495 29
1496 24
1497 28
1498 27
1499 25
1500 37
1501 23
1502 32
1503 25
1504 21
1505 10
1506 30
1507 22
1508 28
1509 31
1510 24
1511 18
1512 13
1513 31
1514 28
1515 35
1516 31
1517 20
1518 37
1519 20
1520 25
1521 47
1522 32
1523 38
1524 24
1525 45
1526 38
1527 42
1528 33
1529 38
1530 36
1531 30
1532 28
1533 11
1534 18
1535 20
1536 25
1537 22
1538 21
1539 25
1540 19
1541 27
1542 21
1543 18
1544 28
1545 16
1546 20
1547 7
1548 22
1549 26
1550 18
1551 23
1552 19
1553 19
1554 18
1555 45
1556 19
1557 20
1558 23
1559 21
1560 22
1561 29
1562 26
1563 19
1564 23
1565 31
1566 27
1567 20
1568 25
1569 33
1570 20
1571 34
1572 25
1573 30
1574 23
1575 32
1576 51
1577 42
1578 30
1579 31
1580 31
1581 34
1582 32
1583 20
1584 15
1585 20
1586 24
1587 20
1588 16
1589 30
1590 34
1591 19
1592 18
1593 22
1594 34
1595 17
1596 40
1597 18
1598 31
1599 24
1600 23
1601 24
1602 39
1603 27
1604 42
1605 31
1606 30
1607 50
1608 23
1609 23
1610 28
1611 27
1612 36
1613 15
1614 47
1615 21
1616 25
1617 16
1618 27
1619 22
1620 17
1621 19
1622 35
1623 52
1624 37
1625 23
1626 26
1627 26
1628 24
1629 31
1630 24
1631 21
1632 25
1633 9
1634 22
1635 10
1636 34
1637 21
1638 31
1639 28
1640 24
1641 32
1642 15
1643 29
1644 25
1645 20
1646 22
1647 23
1648 16
1649 17
1650 19
1651 8
1652 25
1653 27
1654 32
1655 28
1656 17
1657 27
1658 27
1659 38
1660 58
1661 22
1662 32
1663 27
1664 51
1665 22
1666 25
1667 30
1668 28
1669 30
1670 46
1671 40
1672 44
1673 21
1674 20
1675 26
1676 27
1677 25
1678 27
1679 21
1680 24
1681 39
1682 71
1684 17
1685 60
1686 57
1687 45
1688 48
1689 51
1690 69
1691 29
1692 8
1693 21
1694 22
1695 20
1696 20
1697 16
1698 20
1699 21
1700 20
1701 30
1702 31
1703 26
1704 15
1705 18
1706 21
1707 24
1708 19
1709 33
1710 14
1711 44
1712 14
1713 23
1714 31
1715 27
1716 26
1717 21
1718 25
1719 20
1720 42
1721 42
1722 17
1723 19
1724 17
1725 20
1726 28
1727 14
1728 27
1729 29
1730 26
1731 15
1732 30
1733 14
1734 20
1735 32
1736 19
1737 19
1738 21
1739 23
1740 31
1741 24
1742 44
1743 36
1744 20
1745 25
1746 43
1747 48
1748 11
1749 34
1750 26
1751 56
1752 26
1753 21
1754 13
1755 34
1756 33
1757 26
1758 27
1759 26
1760 26
1761 20
1762 27
1763 25
1764 19
1765 28
1766 39
1767 32
1768 38
1769 32
1770 22
1771 10
1772 27
1773 30
1774 27
1775 35
1776 21
1777 22
1778 29
1779 20
1780 26
1781 25
1782 23
1783 33
1784 14
1785 20
1786 32
1787 19
1788 24
1789 21
1790 32
1791 19
1792 20
1793 17
1794 65
1795 20
1796 16
1797 30
1798 23
1799 28
1800 23
1801 29
1802 37
1803 56
1804 28
1805 42
1806 23
1807 17
1808 18
1809 34
1810 19
1811 8
1812 28
1813 25
1814 23
1815 30
1816 22
1817 19
1818 16
1819 25
1820 26
1821 27
1822 48
1823 27
1824 47
1825 40
1826 32
1827 22
1828 51
1829 49
1830 32
1831 6
1832 24
1833 25
1834 32
1835 28
1836 20
1837 29
1838 19
1839 22
1840 27
1841 22
1842 25
1843 52
1844 26
1845 63
1846 42
1847 46
1848 44
1849 37
1850 33
1851 42
1852 27
1853 30
1854 37
1855 28
1856 22
1857 21
1858 21
1859 22
1860 22
1861 18
1862 8
1863 20
1864 15
1865 42
1866 19
1867 70
1868 10
1869 30
1870 8
1871 42
1872 21
1873 16
1874 25
1875 31
1876 22
1877 20
1878 15
1879 27
1880 12
1881 27
1882 29
1883 26
1884 29
1885 25
1886 22
1887 26
1888 27
1889 30
1890 18
1891 24
1892 5
1893 19
1894 24
1895 19
1896 22
1897 17
1898 12
1899 23
1900 33
1901 28
1902 20
1903 40
1904 19
1905 2
1906 23
1907 28
1908 20
1909 28
1910 23
1911 23
1912 55
1913 40
1914 23
1915 38
1916 33
1917 41
1918 40
1919 38
1920 46
1921 30
1922 16
1923 15
1924 22
1925 25
1926 26
1927 25
1928 29
1929 19
1930 21
1931 23
1932 33
1933 29
1934 25
1935 30
1936 11
1937 14
1938 24
1939 19
1940 21
1941 31
1942 25
1943 19
1944 15
1945 24
1946 21
1947 52
1948 24
1949 15
1950 9
1951 22
1952 24
1953 31
1954 27
1955 24
1956 23
1957 27
1958 31
1959 16
1960 29
1961 24
1962 20
1963 31
1964 16
1965 19
1966 24
1967 24
1968 22
1969 27
1970 19
1971 21
1972 36
1973 27
1974 16
1975 35
1976 13
1977 17
1978 22
1979 12
1980 7
1981 34
1982 32
1983 23
1984 20
1985 33
