798 23
799 19
800 21
801 31
802 15
803 24
804 17
805 1
806 17
807 24
808 33
809 33
810 40
811 8
812 21
813 30
814 25
815 24
816 31
817 28
818 31
819 25
820 2
821 28
822 24
823 30
824 22
825 25
826 26
827 26
828 24
829 24
830 32
831 28
832 28
833 10
834 25
835 17
836 19
837 29
838 25
839 23
840 27
841 19
842 19
843 27
844 27
845 35
846 26
847 28
848 3
849 20
850 19
851 33
852 17
853 25
854 20
855 20
856 22
857 20
858 29
859 13
860 15
861 22
862 18
863 6
864 31
865 21
866 28
867 25
868 22
869 19
870 19
871 26
872 22
873 21
874 23
875 16
876 25
877 12
878 32
879 25
880 17
881 21
882 25
883 24
884 10
885 47
886 50
887 22
888 22
889 46
890 31
891 28
892 10
893 38
894 22
895 38
896 36
897 23
898 30
899 45
900 26
901 23
902 24
903 35
904 24
905 27
906 35
907 25
908 25
909 28
910 14
911 29
912 17
913 50
914 27
915 33
916 12
917 25
918 25
919 25
920 7
921 15
922 23
923 28
924 26
925 21
926 27
927 24
928 20
929 15
930 20
931 27
932 17
933 28
934 21
935 18
936 16
937 25
938 18
939 16
940 28
941 28
942 33
943 21
944 21
945 31
946 28
947 15
948 25
949 20
950 17
951 33
952 14
953 27
954 18
955 33
956 29
957 29
958 24
959 43
960 1
961 25
962 17
963 20
964 23
965 24
966 36
967 27
968 36
969 32
970 36
971 34
972 17
973 19
974 27
975 34
976 27
977 24
978 27
979 22
980 36
981 27
982 37
983 28
984 31
985 21
986 7
987 18
988 19
989 43
990 20
991 15
992 16
993 17
994 16
995 33
996 11
997 40
998 14
999 10
1000 14
1001 36
1002 8
1003 22
1004 52
1005 14
1006 30
1007 36
1008 31
1009 25
1010 24
1011 38
1012 18
1013 30
1014 5
1015 37
1016 26
1017 24
1018 20
1019 23
1020 28
1021 19
1022 16
1023 17
1024 21
1025 19
1026 40
1027 47
1028 37
1029 37
1030 31
1031 58
1032 56
1033 38
1034 54
1035 42
1036 8
1037 17
1038 27
1039 25
1040 23
1041 31
1042 35
1043 25
