8 21
2282 25
2283 25
2284 23
2285 14
2286 29
2287 33
2288 3
2289 14
2290 21
2291 21
2292 12
2293 30
2294 22
2295 25
2296 18
2297 31
2298 25
2299 12
2300 20
2301 12
2302 16
2303 3
2304 15
2305 22
2306 41
2307 31
2308 19
2309 29
2310 8
2311 14
2312 19
2313 19
2314 28
2315 40
2316 2
2317 25
2318 23
2319 22
2320 18
2321 29
2322 25
2323 27
2324 64
2325 22
2326 28
2327 27
2328 1
2329 34
2330 12
2331 29
2332 23
2333 24
2334 21
2335 24
2336 35
2337 51
2338 56
2339 36
2340 32
2341 35
2342 51
2343 48
2344 42
2345 36
2346 20
2347 8
2348 42
2349 9
2350 31
2351 18
2352 19
2353 38
2354 66
2355 46
2356 42
2357 40
2358 22
2359 31
2360 32
2361 38
2362 59
2363 46
2364 20
2365 19
2366 27
2367 21
2368 18
2369 19
2370 25
2371 29
2372 20
2373 43
2374 22
2375 26
2376 24
2377 19
