1 28
3567 76
3568 60
3569 13
3570 45
3571 38
3572 49
3573 70
3574 30
3575 59
3576 46
3577 40
3578 22
3579 5
3580 32
3581 31
3582 25
3583 32
3584 26
3585 20
3586 33
3587 37
3588 24
3589 30
3590 17
3591 30
3592 13
3593 21
3594 35
3595 41
3596 33
3597 13
3598 20
3599 37
3600 33
3601 27
3602 32
3603 14
3604 25
3605 16
3606 15
3607 12
3608 32
3609 21
3610 49
3611 35
3612 33
3613 20
3614 38
3615 17
3616 21
3617 44
3618 16
3619 37
3620 3
3621 27
3622 17
3623 18
3624 26
3625 20
3626 21
3627 19
3628 34
3629 25
3630 20
3631 24
3632 18
3633 28
3634 21
3635 9
3636 24
3637 21
3638 25
3639 41
3640 24
3641 20
3642 25
3643 17
3644 25
3645 23
3646 21
3647 20
3648 20
3649 22
3650 27
3651 24
3652 27
3653 25
3654 19
3655 21
3656 26
3657 23
3658 15
3659 21
3660 17
3661 36
3662 20
3663 8
3664 24
3665 40
3666 35
3667 46
3668 22
3669 35
3670 31
3671 16
3672 43
3673 26
3674 17
3675 5
3676 25
3677 25
3678 36
3679 21
3680 23
3681 31
3682 32
3683 29
3684 24
3685 21
3686 40
3687 25
3688 8
3689 26
3690 16
3691 36
3692 38
3693 22
3694 19
3695 35
3696 25
3697 30
3698 49
3699 37
3700 19
3701 15
3702 9
3703 20
3704 35
3705 7
3706 10
3707 15
3708 27
3709 33
3710 23
3711 34
3712 29
3713 27
3714 13
3715 37
3716 33
3717 16
3718 43
3719 42
3720 42
3721 49
3722 47
3723 38
3724 54
3725 27
3726 35
3727 53
3728 14
3729 15
3730 20
3731 24
3732 32
3733 26
3734 26
3735 28
3736 28
3737 20
3738 43
3739 50
3740 53
3741 66
3742 50
3743 55
3744 27
3745 11
3746 56
3747 56
3748 26
3749 16
3750 24
3751 20
3752 28
3753 26
3754 27
3755 21
3756 2
3757 38
3758 25
3759 25
3760 18
3761 17
3762 22
3763 21
3764 25
3765 15
3766 21
3767 21
3768 30
3769 19
3770 9
3771 48
3772 25
3773 20
3774 31
3775 21
3776 25
3777 15
3778 21
3779 18
3780 24
3781 22
3782 24
3783 19
3784 24
3785 21
3786 23
3787 16
3788 20
3789 23
3790 28
3791 28
3792 50
3793 20
3794 36
3795 21
3796 19
3797 36
3798 21
3799 23
3800 19
3801 23
3802 19
3803 21
3804 19
3805 17
3806 17
3807 22
3808 18
3809 24
3810 13
3811 2
3812 28
3813 34
3814 26
3815 37
3816 24
3817 18
3818 8
3819 43
3820 57
3821 14
3822 31
3823 38
3824 6
3825 24
3826 21
3827 25
3828 30
3829 33
3830 18
3831 19
3832 25
3833 28
3834 19
3835 21
3836 20
3837 29
3838 16
3839 32
3840 30
3841 40
3842 39
3843 36
3844 53
3845 39
3846 11
3847 46
3848 26
3849 22
3850 14
3851 19
3852 46
3853 25
3854 23
3855 28
3856 21
3857 25
3858 33
3859 39
3860 25
3861 25
3862 38
3863 35
3864 32
3865 21
3866 21
3867 28
3868 20
3869 34
3870 21
3871 18
3872 41
3873 21
3874 27
3875 38
3876 19
3877 6
3878 21
3879 18
3880 29
3881 19
3882 28
3883 18
3884 19
3885 36
3886 34
3887 28
3888 29
3889 14
3890 17
3891 20
3892 15
3893 32
3894 19
3895 20
3896 14
3897 18
3898 26
3899 22
3900 19
3902 26
3903 19
3904 20
3905 27
3906 24
3907 25
3908 49
3909 59
3910 56
3911 35
3912 42
3913 43
3914 48
3915 55
3916 42
3917 55
3918 34
3919 17
3920 28
3921 24
3922 30
3923 20
3924 24
3925 25
3926 23
3927 31
3928 25
3929 22
3930 29
3931 32
3932 40
3933 9
3934 36
3935 43
3936 26
3937 18
3938 25
3939 19
3940 30
3941 30
3942 21
3943 40
3944 40
3945 33
3946 29
3947 32
3948 41
3949 27
3950 25
3951 36
3952 27
3953 23
3954 28
3955 21
3956 26
3957 13
3958 22
3959 25
3960 20
3961 48
3962 22
3963 16
3964 26
3965 51
3966 18
3967 34
3968 46
3969 20
3970 38
3971 32
3972 18
3973 45
3974 28
3975 24
3976 29
3977 37
3978 22
3979 21
3980 25
3981 27
3982 17
3983 20
3984 20
3985 24
3986 21
3987 15
3988 26
3989 21
3990 29
3991 23
3992 24
3993 19
3994 17
3995 20
3996 21
3997 14
3998 19
3999 22
4000 30
4001 12
4002 17
4003 5
4004 23
4005 21
4006 23
4007 18
4008 27
4009 25
4010 33
4011 21
4012 8
4013 16
4014 23
4015 25
4016 20
4017 29
4018 22
4019 21
4020 22
4021 27
4022 23
4023 24
4024 23
4025 18
4026 25
4027 26
4028 28
4029 29
4030 26
4031 25
4032 20
4033 19
4034 33
4035 26
4036 24
4037 23
4038 22
4039 23
4040 7
4041 12
4042 25
4043 36
4044 11
4045 21
4046 15
4047 28
4048 21
4049 19
4050 21
4051 25
4052 27
4053 21
4054 22
4055 23
4056 22
4057 27
4058 12
4059 18
4060 41
4061 21
4062 25
4063 21
4064 54
4065 30
4066 18
4067 32
4068 34
4069 30
4070 47
4071 26
4072 10
4073 20
4074 14
4075 52
4076 51
4077 16
4078 27
4079 10
4080 16
4081 14
4082 37
4083 21
4084 39
4085 25
4086 35
4087 30
4088 23
4089 21
4090 15
4091 17
4092 25
4094 19
4095 22
4096 26
4097 14
4098 9
4099 28
4100 33
4101 30
4102 24
4103 11
4104 30
4105 23
4106 37
4107 22
4108 30
4109 17
4110 14
4111 17
4112 27
4113 29
4114 33
4115 22
4116 24
4117 16
4118 14
4119 34
4120 27
4121 11
4122 7
4123 29
4124 20
4125 21
4126 29
4127 28
4128 28
4129 34
4130 31
4131 23
4132 25
4133 32
4134 23
4135 18
4136 29
4137 34
4138 27
4139 16
4140 32
4141 33
4142 17
4143 31
4144 47
4145 31
4146 22
4147 26
4148 2
4149 19
4150 24
4151 25
4152 21
4153 27
4154 20
4155 19
4156 31
4157 21
4158 21
4159 23
4160 41
4161 14
4162 22
4163 27
4164 32
4165 17
4166 21
4167 23
4168 33
4169 32
4170 30
4171 24
4172 22
4173 30
4174 21
4175 17
4176 22
4177 29
4178 27
4179 32
4180 33
4181 45
4182 33
4183 24
4184 31
4185 28
4186 31
4187 31
4188 2
4189 43
4190 20
4191 26
4192 25
4193 29
4194 29
4195 28
4196 25
4197 20
4198 32
4199 21
4200 28
4201 22
4202 28
4203 23
4204 21
4205 26
4206 8
4207 12
4208 18
4209 12
4210 34
4211 20
4212 23
4213 25
4214 35
4215 8
4216 15
4217 27
4218 26
4219 29
4220 31
4221 21
4222 24
4223 23
4224 27
4225 37
4226 59
4227 32
4228 49
4229 54
4230 55
4231 30
4232 48
4233 64
4234 58
4235 0
4236 23
4237 23
4238 17
4239 23
4240 24
4241 26
4242 33
4243 24
4244 21
4245 17
4246 19
4247 23
4248 15
4249 23
4250 14
4251 22
4252 26
4253 13
4254 25
4255 19
4256 34
4257 33
4258 35
4259 20
4260 46
4261 49
4262 34
4263 44
4264 42
4265 39
4266 5
4267 23
4268 20
4269 16
4270 17
4271 10
4272 19
4273 21
4274 18
4275 13
4276 26
4277 10
4278 27
4279 26
4280 25
4282 16
4283 32
4284 18
4285 14
4286 19
4287 33
4288 31
4289 20
4290 26
4291 34
4292 37
4293 24
4294 17
4295 2
4296 24
4297 18
4298 31
4299 23
4300 25
4301 19
4302 28
4303 25
4304 18
4305 22
4306 23
4307 22
4308 31
4309 33
4310 42
4311 21
4312 15
4313 20
4314 40
4315 15
4316 28
4317 29
4318 38
4319 38
4320 6
4321 39
4322 44
4323 51
4324 48
4325 43
4326 18
4327 22
4328 27
4329 26
4330 17
4331 31
4332 29
4333 36
4334 12
4335 42
4336 19
4337 23
4338 26
4339 19
4340 21
4341 20
4342 20
4343 23
4344 28
4345 27
4346 22
4347 25
4348 17
4349 18
4350 22
4351 25
4352 32
4353 19
4354 28
4355 60
4356 42
4357 25
