1778 29
1779 20
1780 26
1781 25
1782 23
1783 33
1784 14
1785 20
1786 32
1787 19
1788 24
1789 21
1790 32
1791 19
1792 20
1793 17
1794 65
1795 20
1796 16
1797 30
1798 23
1799 28
1800 23
1801 29
1802 37
1803 56
1804 28
1805 42
1806 23
1807 17
1808 18
1809 34
1810 19
1811 8
1812 28
1813 25
1814 23
1815 30
1816 22
1817 19
1818 16
1819 25
1820 26
1821 27
1822 48
1823 27
1824 47
1825 40
1826 32
1827 22
1828 51
1829 49
1830 32
1831 6
1832 24
1833 25
1834 32
1835 28
1836 20
1837 29
1838 19
1839 22
1840 27
1841 22
1842 25
1843 52
1844 26
1845 63
1846 42
1847 46
1848 44
1849 37
1850 33
1851 42
1852 27
1853 30
1854 37
1855 28
1856 22
1857 21
1858 21
1859 22
1860 22
1861 18
1862 8
1863 20
1864 15
1865 42
1866 19
1867 70
1868 10
1869 30
1870 8
1871 42
1872 21
1873 16
1874 25
1875 31
1876 22
1877 20
1878 15
1879 27
1880 12
1881 27
1882 29
1883 26
1884 29
1885 25
1886 22
1887 26
1888 27
1889 30
1890 18
1891 24
1892 5
1893 19
1894 24
1895 19
1896 22
1897 17
1898 12
1899 23
1900 33
1901 28
1902 20
1903 40
1904 19
1905 2
1906 23
1907 28
1908 20
1909 28
1910 23
1911 23
1912 55
