1376 28
1377 21
1378 13
1379 31
1380 20
1381 20
1382 46
1383 19
1384 25
1385 13
1386 30
1387 56
1388 4
1389 37
1390 39
1391 47
1392 46
1393 30
1394 32
1395 49
1396 23
1397 22
1398 56
1399 55
1400 56
1401 45
1402 57
1403 92
1404 42
1405 34
1406 67
1407 31
1408 35
1409 59
1410 63
1411 38
1412 54
1413 31
1414 29
1415 20
1416 27
1417 29
1418 27
1419 23
1420 16
1421 36
1422 27
1423 21
1424 27
1425 27
1426 23
1427 35
1428 19
1429 34
1430 24
1431 22
1432 30
1433 55
1434 26
1435 25
1436 15
1437 16
1438 16
1439 6
1440 16
1441 17
1442 22
1443 12
1444 17
1445 25
1446 50
1447 7
1448 30
1449 25
1450 38
1451 42
1452 38
1453 14
1454 34
1455 17
1456 30
1457 26
1458 24
1459 24
1460 23
1461 36
1462 17
1463 39
1464 32
1465 38
1466 24
1467 34
1468 33
1469 43
1470 27
1471 33
