1988 51
1989 38
1990 22
1991 24
1992 29
1993 4
1994 22
1995 35
1996 20
1997 22
1998 23
1999 25
2000 19
2001 16
2002 29
2003 16
2004 23
2005 25
2006 18
2007 24
2008 4
2009 24
2010 17
2011 36
2012 11
2013 19
2014 28
2015 21
2016 28
2017 25
2018 22
2019 23
2020 21
2021 28
2022 3
2023 24
2024 20
2025 29
2026 35
2027 33
2028 27
2029 29
2030 23
2031 23
2032 70
2033 47
2034 59
2035 71
2036 63
2037 71
2038 66
2039 65
2040 55
2041 71
2042 24
2043 24
2044 21
2045 26
2046 18
2047 19
2048 26
2049 20
2050 25
2051 27
2052 23
2053 18
2054 16
2055 13
2056 37
2057 18
2058 12
2059 21
2060 27
