3565 45
3566 26
3567 76
3568 60
3569 13
3570 45
3571 38
3572 49
3573 70
3574 30
3575 59
3576 46
3577 40
3578 22
3579 5
3580 32
3581 31
3582 25
3583 32
3584 26
3585 20
3586 33
3587 37
3588 24
3589 30
3590 17
3591 30
3592 13
3593 21
3594 35
3595 41
3596 33
3597 13
3598 20
3599 37
3600 33
3601 27
3602 32
3603 14
3604 25
3605 16
3606 15
3607 12
3608 32
3609 21
3610 49
3611 35
3612 33
3613 20
3614 38
3615 17
3616 21
3617 44
3618 16
3619 37
3620 3
3621 27
3622 17
3623 18
3624 26
3625 20
3626 21
3627 19
3628 34
3629 25
3630 20
3631 24
3632 18
