3362 15
3363 29
3364 25
3365 41
3366 22
3367 27
3368 10
3369 17
3370 14
3371 47
3372 30
3373 21
3374 19
3375 23
3376 32
3377 36
3378 21
3379 17
3380 22
3381 16
3382 23
3383 31
3384 34
3385 32
3386 25
3387 19
3388 1
3389 17
3390 22
3391 32
3392 32
3393 41
3394 24
3395 29
3396 20
3397 25
3398 26
3399 27
3400 29
3401 26
3402 19
3403 34
3404 21
3405 19
3406 30
3407 39
3408 19
3409 29
3410 21
3411 20
3412 24
3413 37
3414 16
3415 19
3416 36
3417 23
3418 31
3419 16
3420 16
3421 25
3422 31
3423 22
3424 22
3425 19
3426 27
3427 28
3428 19
3429 14
3430 23
3431 16
3432 19
3433 45
3434 55
3435 46
3436 44
3437 37
3438 46
3439 35
3440 37
3441 26
3442 40
3443 20
3444 26
3445 22
3446 21
3447 26
3448 26
3449 15
3450 43
3451 8
3452 39
3453 14
3454 11
3455 8
3456 26
3457 21
3458 50
3459 28
3460 41
3461 34
3462 22
3463 41
3464 26
3465 19
3466 21
3467 29
3468 27
3469 17
3470 15
3471 31
3472 24
3473 21
3474 29
3475 22
3476 19
3477 20
3478 26
3479 18
3480 17
3481 7
3482 37
3483 36
3484 19
3485 11
3486 18
3487 23
3488 24
3489 23
3490 22
3491 17
3492 21
3493 24
3494 14
3495 21
3496 18
3497 18
3498 23
3499 26
3500 12
3501 20
3502 14
3503 19
3504 20
3505 23
3506 24
3507 25
3508 26
3509 14
3510 23
3511 21
3512 15
3513 52
3514 27
3515 31
3516 33
3517 30
3518 33
3519 33
3520 31
3521 31
3522 19
3523 20
3524 47
3525 68
3526 37
3527 38
3528 42
3529 27
3530 27
3531 25
3532 36
3533 26
3534 34
3535 27
3536 24
3537 31
3538 21
3539 36
3540 29
3541 21
3542 12
3543 35
3544 19
3545 20
3546 22
3547 7
3548 28
3549 30
3550 22
3551 25
3552 25
3553 12
3554 18
3555 19
3556 21
3557 15
3558 28
3559 22
3560 2
3561 21
3562 11
3563 49
3564 54
3565 45
3566 26
