724 18
725 5
726 20
727 25
728 21
729 57
730 25
731 23
732 44
733 31
734 23
735 42
736 19
737 27
738 29
739 33
740 27
741 29
742 30
743 13
744 15
745 20
746 38
747 31
748 34
749 39
750 4
751 30
752 22
753 30
754 26
755 21
756 21
757 24
758 26
759 26
760 42
761 22
762 32
763 26
764 2
765 35
766 40
767 24
768 8
769 23
770 28
771 23
772 35
773 42
774 28
775 23
776 16
777 14
778 19
779 25
780 21
781 15
782 18
783 26
784 19
785 32
786 22
787 36
788 21
789 14
790 23
791 25
792 27
793 21
794 28
795 22
796 40
797 18
798 23
799 19
800 21
801 31
802 15
803 24
804 17
805 1
806 17
807 24
808 33
809 33
810 40
811 8
812 21
813 30
814 25
815 24
