3104 22
3105 18
3106 31
3107 23
3108 30
3109 30
3110 26
3111 44
3112 18
3113 15
3114 29
3115 20
3116 23
3117 26
3118 47
3119 21
3120 25
3121 20
3122 21
3123 11
3124 25
3125 26
3126 37
3127 20
3128 15
3129 10
3130 19
3131 17
3132 17
3133 27
3134 34
3135 22
3136 8
3137 32
3138 19
3139 24
3140 22
3141 23
3142 18
3143 23
3144 24
3145 37
3146 25
3147 29
3148 29
3149 21
3150 30
3151 20
3152 21
3153 23
3155 20
3156 28
3157 23
3158 19
3159 20
3160 29
3161 17
3162 21
3163 27
3164 12
3165 22
3166 32
3167 39
3168 24
3169 26
3170 31
3171 24
3172 20
3173 19
3174 19
3175 22
3176 15
3177 15
3178 24
3179 29
3180 33
3181 15
3182 35
3183 18
3184 10
3185 18
3186 36
3187 35
3188 33
3189 21
3190 23
3191 18
3192 48
3193 21
3194 39
3195 22
3196 22
3197 18
3198 32
3199 30
3200 22
3201 13
3202 18
3203 29
3204 33
3205 33
3206 38
3207 5
3208 39
3209 42
3210 33
3211 28
3212 19
3213 17
3214 16
3215 18
3216 19
3217 10
3218 36
3219 24
3220 17
3221 18
3222 20
3223 1
3224 22
3225 26
3226 32
3227 21
3228 26
3229 23
3230 31
3231 15
3232 20
3233 24
3234 49
3235 19
3236 19
3237 13
3238 36
3239 13
3240 27
3241 19
3242 22
3243 27
3244 28
3245 29
3246 31
3247 24
