34 32
4672 27
4673 84
4674 84
4675 10
4676 62
4677 49
4678 42
4679 26
4680 20
4681 66
4682 32
4683 24
4684 35
4685 26
4686 20
4687 12
4688 24
4689 49
4690 28
4691 20
4692 32
4693 27
4694 24
4695 19
4696 17
4697 27
4698 26
4699 25
4700 23
4701 6
4702 38
4703 28
4704 32
4705 12
4706 22
4707 15
4708 16
4709 21
4710 36
4711 13
4712 54
4713 28
4714 52
4715 54
4716 31
4717 76
4718 71
4719 46
4720 23
4721 43
4722 22
4723 28
4724 25
4725 24
4726 40
4727 21
4728 26
4729 37
4730 27
4731 19
4732 17
4733 26
4735 33
4736 32
4737 26
4738 22
4739 24
4740 27
4741 35
4742 31
4743 52
4744 30
4745 31
4746 22
4747 7
4748 19
4749 33
4750 36
4751 23
4752 21
4753 28
4754 39
4755 35
4756 29
4757 22
4758 9
4759 33
4760 20
4761 18
4762 25
4763 27
4764 24
4765 20
4766 20
4767 26
4768 21
4769 25
4770 15
4771 18
4772 16
4773 18
4774 21
4775 21
4776 30
4777 22
4778 13
4779 24
4780 16
4781 21
4782 29
4783 24
4784 24
4785 17
4786 17
4787 8
4788 22
4789 23
4790 25
4791 25
4792 25
4793 30
4794 25
4795 28
4796 44
4797 43
4798 33
4799 25
4800 71
4801 14
4802 26
4803 19
4804 23
4805 18
4806 25
4807 16
4808 16
4809 17
4810 25
4811 21
4812 21
4813 21
4814 27
4815 6
4816 15
4817 18
4818 22
4819 23
4820 25
4821 15
4822 26
4823 16
4824 22
4825 42
4826 33
4827 17
4828 9
4829 24
4830 24
4831 30
4832 26
4833 34
4834 12
4835 27
4836 22
4837 21
4838 17
4839 29
4840 25
4841 18
4842 22
4843 21
4844 17
4845 27
4846 24
4847 23
4848 28
4849 28
4850 28
4851 16
4852 23
4853 34
4854 26
4855 26
4856 24
4857 60
4858 29
4859 22
4860 17
4861 20
4862 22
4863 25
4864 14
4865 44
4866 23
4867 23
4868 22
4869 19
4870 24
4871 23
4872 20
4873 14
4874 22
4875 33
4876 30
4877 28
4878 27
4879 26
4880 6
4881 22
4882 26
4883 20
4884 24
4885 24
4886 20
4887 23
4888 24
4889 20
4890 35
4891 20
4892 23
4893 18
4894 22
4895 20
4896 34
4897 23
4898 21
4899 16
4900 21
4901 24
4902 19
4903 40
4904 27
4905 49
4906 24
4907 39
4908 33
4909 42
4910 33
4911 22
4912 18
4913 25
4914 30
4915 27
4916 22
4917 23
4918 19
4919 15
4920 12
4921 21
4922 23
4923 18
4924 19
4925 23
4926 43
4927 42
4928 41
4929 36
4930 44
4931 23
4932 28
4933 8
4934 21
4935 20
4936 24
4937 17
4938 25
4939 16
4940 23
4941 30
4942 24
4943 33
4944 17
4945 39
4946 30
4947 19
4948 12
4949 40
4950 35
4951 40
4952 18
4953 22
4954 27
4955 21
4956 25
4957 23
4958 22
4959 27
4960 23
4961 14
4962 26
4963 24
4964 29
4965 24
4966 25
4967 23
4968 24
4969 24
4970 17
4971 33
4972 27
4973 16
4974 29
4975 9
4976 16
4977 30
4978 16
4979 26
4980 14
4981 22
4982 22
4983 24
4984 17
4985 25
4986 15
4987 21
4988 25
4989 34
4990 13
4991 46
4992 21
4993 29
4994 32
4995 51
4996 19
4997 21
4998 22
4999 32
5000 38
5001 35
5002 23
5003 2
5004 12
5005 40
5006 25
