2505 16
2506 22
2507 26
2508 47
2509 20
2510 25
2511 31
2512 42
2513 16
2514 72
2515 52
2516 54
2517 52
2518 34
2519 60
2520 33
2521 56
2522 46
2523 40
2524 15
2525 21
2526 26
2527 31
2528 27
2529 29
2530 29
2531 14
2532 25
2533 15
2534 22
2535 31
2536 20
2537 18
2538 8
2539 21
2540 37
2541 40
2542 24
2543 29
2544 26
2545 25
2546 22
2547 95
2548 17
2549 27
2550 24
2551 23
2552 27
2553 20
2554 29
2555 29
2556 35
2557 22
2558 22
2559 23
2560 40
2561 21
2562 6
2563 30
2564 31
2565 21
2566 24
2567 24
2568 17
2569 18
2570 22
2571 21
2572 39
2573 27
2574 28
2575 23
2576 17
2578 19
2579 23
2580 32
2581 22
2582 20
2583 34
2584 36
2585 19
2586 13
2587 27
2588 13
2589 54
2590 43
2591 21
2592 39
2593 44
2594 21
2595 21
2596 18
2597 26
2598 22
2599 28
2600 21
2601 1
2602 24
2603 20
2604 55
2605 53
2606 63
2607 54
2609 53
2610 31
2611 50
2612 55
2613 42
2614 29
2615 32
2616 24
2617 19
2618 35
2619 12
