3174 19
3175 22
3176 15
3177 15
3178 24
3179 29
3180 33
3181 15
3182 35
3183 18
3184 10
3185 18
3186 36
3187 35
3188 33
3189 21
3190 23
3191 18
3192 48
3193 21
3194 39
3195 22
3196 22
3197 18
3198 32
3199 30
3200 22
3201 13
3202 18
3203 29
3204 33
3205 33
3206 38
3207 5
3208 39
3209 42
3210 33
3211 28
3212 19
3213 17
3214 16
3215 18
3216 19
3217 10
3218 36
3219 24
3220 17
3221 18
3222 20
3223 1
3224 22
3225 26
3226 32
3227 21
3228 26
3229 23
3230 31
3231 15
3232 20
3233 24
3234 49
3235 19
3236 19
3237 13
3238 36
3239 13
3240 27
3241 19
3242 22
3243 27
3244 28
3245 29
3246 31
3247 24
3248 37
3249 2
3250 21
3251 17
3252 19
3253 26
3254 24
3255 41
3256 12
3257 24
3258 32
3259 24
3260 20
3261 24
3262 20
3263 14
3264 12
3265 16
3266 34
3267 31
3268 19
3269 21
3270 46
3271 33
3272 16
3273 35
3274 31
3275 30
3276 41
3277 9
3278 22
3279 25
3280 13
3281 25
3282 22
3283 24
3284 13
3285 34
3286 23
3287 11
3288 13
3289 27
3290 20
3291 28
3292 7
3293 29
3294 29
3295 27
3296 22
3297 31
3298 16
3299 22
3300 26
3301 27
3302 31
3303 18
3304 23
3305 24
3306 1
3307 24
3308 26
3309 18
3310 29
3311 18
3312 23
3313 26
3314 26
3315 24
3316 33
3317 18
3318 25
3319 27
3320 26
3321 21
3322 26
3323 24
3324 35
3325 47
3326 32
3327 44
3328 15
3329 35
