3622 17
3623 18
3624 26
3625 20
3626 21
3627 19
3628 34
3629 25
3630 20
3631 24
3632 18
3633 28
3634 21
3635 9
3636 24
3637 21
3638 25
3639 41
3640 24
3641 20
3642 25
3643 17
3644 25
3645 23
3646 21
3647 20
3648 20
3649 22
3650 27
3651 24
3652 27
3653 25
3654 19
3655 21
3656 26
3657 23
3658 15
3659 21
3660 17
3661 36
3662 20
3663 8
3664 24
3665 40
3666 35
3667 46
3668 22
3669 35
3670 31
3671 16
3672 43
3673 26
3674 17
3675 5
3676 25
3677 25
3678 36
3679 21
3680 23
3681 31
3682 32
3683 29
3684 24
3685 21
3686 40
3687 25
3688 8
3689 26
3690 16
3691 36
3692 38
3693 22
3694 19
3695 35
3696 25
3697 30
3698 49
3699 37
3700 19
3701 15
3702 9
3703 20
3704 35
3705 7
3706 10
3707 15
3708 27
3709 33
3710 23
3711 34
3712 29
3713 27
3714 13
3715 37
3716 33
3717 16
3718 43
3719 42
3720 42
3721 49
3722 47
3723 38
3724 54
3725 27
3726 35
3727 53
3728 14
3729 15
3730 20
3731 24
3732 32
3733 26
3734 26
3735 28
3736 28
3737 20
3738 43
3739 50
3740 53
3741 66
3742 50
3743 55
3744 27
3745 11
3746 56
3747 56
3748 26
3749 16
3750 24
3751 20
3752 28
3753 26
3754 27
3755 21
3756 2
3757 38
3758 25
3759 25
