2092 26
2093 24
2094 27
2095 5
2096 17
2097 21
2098 19
2099 29
2100 24
2101 18
2102 40
2103 27
2104 13
2105 61
2106 22
2107 51
2108 92
2109 5
2110 35
2111 20
2112 24
2113 22
2114 21
2115 26
2116 18
2117 22
2118 31
2119 19
2120 16
2121 23
2122 25
2123 9
2124 24
2125 32
2126 29
2127 29
2128 31
2129 19
2130 26
2131 23
2132 23
2133 24
2134 28
2135 20
2136 13
2137 13
2138 47
2139 34
2140 29
2141 20
2142 37
2143 28
2144 17
2145 19
2146 16
2147 22
2148 21
2149 23
2150 35
2151 22
2152 23
2153 53
2154 16
2155 25
2156 23
2157 20
2158 25
2159 24
2160 35
2161 29
2162 57
2163 50
2164 40
2165 69
2166 42
