17 29
67 40
68 50
69 22
70 17
71 33
72 17
73 31
74 30
75 13
76 20
77 22
78 35
79 18
80 23
81 23
82 26
83 23
84 29
85 20
86 19
87 20
88 12
89 32
90 28
91 31
92 36
93 20
94 14
95 16
96 49
97 14
98 34
99 28
100 21
101 32
102 29
103 27
104 25
105 29
106 30
107 21
108 31
109 20
110 26
111 18
112 28
113 27
114 29
115 26
116 26
118 18
119 24
120 36
121 13
122 25
123 24
124 24
125 25
126 21
127 39
128 40
129 17
130 25
131 21
132 21
133 21
134 19
135 26
136 23
137 16
138 25
139 9
140 31
141 27
142 21
143 26
144 20
145 36
146 19
147 20
148 33
149 27
150 20
151 26
152 23
153 23
154 15
155 27
156 26
157 29
158 25
159 34
160 22
161 24
162 20
163 28
164 26
165 38
166 26
167 30
168 32
169 29
170 31
171 17
172 35
173 14
174 24
175 25
176 37
177 41
178 41
179 45
180 36
181 48
182 39
183 5
184 46
185 32
186 53
187 36
188 21
189 18
190 20
191 33
192 20
