181 48
182 39
183 5
184 46
185 32
186 53
187 36
188 21
189 18
190 20
191 33
192 20
193 27
194 25
195 17
196 28
197 25
198 24
199 59
200 53
201 41
202 37
203 52
204 50
205 47
206 28
207 43
208 38
209 32
210 29
211 27
212 25
213 25
214 20
215 25
216 32
217 27
218 21
219 30
220 22
221 41
222 22
223 28
224 16
225 7
226 17
227 13
228 27
229 29
230 26
231 26
232 28
233 23
234 21
235 26
236 19
237 28
238 21
239 32
240 20
241 22
242 27
243 29
244 25
245 35
246 22
247 23
248 36
249 27
250 32
251 18
252 15
253 15
254 1
255 27
256 27
257 22
258 38
259 45
260 45
261 15
262 23
263 36
264 24
265 23
266 27
267 36
268 24
269 21
270 32
271 22
272 31
273 22
274 29
275 22
276 27
277 18
278 22
279 18
280 23
281 19
282 30
283 3
284 15
285 15
286 16
287 27
288 27
289 52
290 65
291 32
292 57
293 34
294 44
295 61
296 49
297 38
298 49
299 19
300 19
301 14
302 21
303 18
304 14
305 20
306 14
307 13
308 19
309 41
310 23
311 21
312 25
313 22
314 27
315 21
316 25
317 23
318 6
319 26
320 17
321 14
322 26
323 26
324 21
325 31
326 28
327 29
328 34
329 39
330 24
331 17
332 11
333 21
334 27
335 18
336 12
337 30
338 15
339 29
340 13
341 44
342 27
343 29
344 32
345 14
346 29
347 14
348 4
349 26
350 27
351 36
352 21
353 25
354 21
355 27
356 39
357 34
358 20
359 19
360 87
361 44
362 37
363 36
364 35
365 32
366 23
367 23
368 29
369 26
370 29
371 23
372 12
373 20
374 19
375 24
376 30
377 19
378 35
379 25
380 29
381 35
382 13
383 17
384 30
385 29
386 18
387 22
388 22
389 23
390 16
391 31
392 22
393 19
394 24
395 20
396 7
397 17
398 24
399 43
400 28
401 18
402 23
403 33
404 26
405 37
406 28
407 43
408 14
409 30
410 42
411 23
412 41
413 24
414 28
415 20
