34 32
552 18
4360 20
4361 16
4362 24
4363 21
4364 20
4365 19
4366 3
4367 22
4368 25
4369 32
4370 28
4371 17
4372 31
4373 18
4374 21
4375 18
4376 13
4377 30
4378 18
4379 32
4380 3
4381 24
4382 18
4383 22
4384 18
4385 23
4386 33
4387 32
4388 19
4389 20
4390 21
4391 19
4392 31
4393 36
4394 32
4395 49
4396 58
4397 40
4398 55
4399 37
4400 39
4401 33
4402 49
4403 38
4404 64
4405 39
4406 26
4407 25
4408 20
4409 28
4410 25
4411 23
4412 15
4413 28
4414 25
4415 13
4416 10
4417 17
4418 18
4419 34
4420 28
4421 19
4422 8
4423 25
4425 24
4426 22
4427 35
4428 19
4429 35
4430 11
4431 26
4432 51
4433 19
4434 33
4435 30
4436 31
4437 25
4438 24
4439 3
4440 29
4441 41
4442 30
4443 19
4444 22
4445 45
4446 35
4447 26
4448 24
4449 16
4450 23
4451 12
4452 93
4453 47
4454 39
4455 44
4456 45
4457 28
4458 45
4459 50
4460 33
4461 58
4462 25
4463 16
4464 65
4465 22
4466 25
4467 24
4468 46
4469 19
4470 11
4471 38
4472 22
4473 25
4474 22
4475 23
4476 27
4477 22
4478 23
4479 20
4480 18
4481 0
4482 15
4483 18
4484 17
4485 22
4486 27
4487 16
4488 21
4489 31
4490 31
4491 13
4492 27
4493 22
4494 6
4495 13
4496 25
4497 36
4498 36
4499 23
4500 33
4501 16
4502 16
4503 23
4504 27
4505 22
4506 20
4507 21
4508 18
4509 28
4510 15
4511 13
4512 45
4513 26
4514 24
4515 19
4516 34
4517 29
4518 12
4519 30
4520 26
4521 28
4522 9
4523 32
4524 24
4525 33
4526 29
4527 24
4528 25
4529 29
4530 16
4531 33
4532 25
4533 29
4534 30
4535 20
4536 42
4537 24
4538 19
4539 45
4540 29
4541 30
4542 43
4543 41
4544 63
4545 36
4546 51
4547 42
4548 39
4549 56
4550 53
4551 42
4553 35
4554 26
4555 32
4556 30
4557 40
4558 41
4559 16
4560 67
4561 19
4562 30
4563 25
4564 8
4565 15
4566 24
4567 14
4568 24
4569 17
4570 29
4571 17
4572 61
4573 17
4574 30
4575 24
4576 17
4577 29
4578 25
4579 25
4580 1
4581 23
4582 20
4583 21
4584 24
4585 33
4586 13
4587 21
4588 13
4589 25
4590 25
4591 19
4592 26
4593 20
4594 20
4595 17
4596 11
4597 31
4599 45
4600 62
4601 19
4602 33
4603 23
4604 24
4605 24
4606 18
4607 28
4608 8
4609 21
4610 23
4611 42
4612 23
4613 22
4614 16
4615 26
4616 6
4617 21
4618 16
4619 22
4620 20
4621 23
4622 27
4623 22
4624 25
4625 23
4626 23
4627 24
4628 16
4629 14
4630 31
4631 24
4632 16
4633 22
4634 33
4635 24
4636 39
4637 3
4638 32
4639 16
4640 23
4641 49
4642 13
4643 17
4644 18
4645 16
4646 19
4647 23
4648 14
4649 23
4650 7
4651 14
4652 26
4653 19
4654 24
4655 48
4656 17
4657 28
4658 36
4659 51
4660 20
4661 20
4662 33
4663 34
4664 1
4665 24
4666 34
4667 43
4668 32
4669 29
4670 27
4671 25
4672 27
4673 84
4674 84
4675 10
4676 62
4677 49
4678 42
4679 26
4680 20
4681 66
4682 32
4683 24
4684 35
4685 26
4686 20
4687 12
4688 24
4689 49
4690 28
4691 20
4692 32
4693 27
4694 24
4695 19
4696 17
4697 27
4698 26
4699 25
4700 23
4701 6
4702 38
4703 28
4704 32
4705 12
4706 22
4707 15
4708 16
4709 21
4710 36
4711 13
4712 54
4713 28
4714 52
4715 54
4716 31
4717 76
4718 71
4719 46
4720 23
4721 43
4722 22
4723 28
4724 25
4725 24
4726 40
4727 21
4728 26
4729 37
4730 27
4731 19
4732 17
4733 26
4735 33
4736 32
4737 26
4738 22
4739 24
4740 27
4741 35
4742 31
4743 52
4744 30
4745 31
4746 22
4747 7
4748 19
4749 33
4750 36
4751 23
4752 21
4753 28
4754 39
4755 35
4756 29
4757 22
4758 9
4759 33
4760 20
4761 18
4762 25
4763 27
4764 24
4765 20
4766 20
4767 26
4768 21
4769 25
4770 15
4771 18
4772 16
4773 18
4774 21
4775 21
4776 30
4777 22
4778 13
4779 24
4780 16
4781 21
4782 29
4783 24
4784 24
4785 17
4786 17
4787 8
4788 22
4789 23
4790 25
4791 25
4792 25
4793 30
4794 25
4795 28
4796 44
4797 43
4798 33
4799 25
4800 71
