2637 38
2638 26
2639 24
2640 24
2641 30
2642 20
2643 23
2644 27
2645 28
2646 23
2647 30
2648 22
2649 21
2650 25
2651 27
2652 30
2653 23
2654 29
2655 25
2656 21
2657 20
2658 17
2659 17
2660 36
2661 22
2662 22
2663 36
2664 29
2665 18
2666 20
2667 55
2668 22
2669 20
2670 27
2671 24
2672 26
2673 20
2674 4
2675 34
2676 22
2677 26
2678 20
2679 25
2680 27
2681 28
2682 30
2683 15
2684 14
2685 29
2686 28
2687 33
2688 10
2689 28
2690 30
2691 38
2692 46
2693 20
2694 29
2695 33
2696 28
2697 26
2698 16
2699 17
2700 24
2701 31
2702 24
2703 28
2704 48
2705 48
2706 55
2707 50
2708 42
2709 40
2710 41
2711 49
2712 43
2713 41
2714 26
2715 15
2716 46
2717 34
2718 34
2719 28
2720 30
2721 19
2722 34
2723 32
2724 28
2725 28
2726 33
2727 18
2728 13
2729 21
2730 28
2731 19
2732 33
2733 25
2734 12
2735 21
2736 31
2737 25
2738 34
2739 29
2740 24
2741 22
2742 24
2743 34
2744 14
2745 19
2746 18
2747 19
2748 29
2749 10
2750 36
2751 16
2752 29
2753 16
2754 16
2755 26
2756 26
2757 27
2758 21
2759 15
2760 20
2761 30
2762 4
2763 54
2764 53
2765 42
2766 34
2767 47
2768 60
2769 23
2770 50
2771 35
2772 41
2773 50
2774 41
2775 30
2776 25
2777 23
2778 20
2779 11
2780 31
2781 25
2782 25
2783 19
2784 22
2785 20
2786 22
2787 22
2788 26
2789 21
2790 21
2791 26
2792 18
2793 29
2794 0
2795 26
2796 35
2797 20
2798 27
2799 23
2800 49
2801 28
2802 22
2803 31
2804 24
2805 29
2806 26
2807 14
2808 27
2809 26
2810 23
2811 24
2812 26
2813 32
2814 21
2815 25
2816 26
2817 15
2818 8
2819 28
2820 24
2821 22
2822 5
2823 23
2824 23
2825 24
2826 18
2827 19
2828 31
2829 23
2830 24
2831 27
2832 13
2833 29
2834 21
2835 9
2836 26
2837 26
2838 21
2839 35
2840 21
2841 25
2842 38
2843 26
2844 17
2845 12
2846 44
2847 22
2848 19
2849 18
2850 12
2851 7
2852 23
2853 25
2854 54
2855 26
2856 27
2857 23
2858 31
2859 30
2860 24
2861 22
2862 12
2863 21
2864 21
2865 27
2866 2
2867 16
2868 24
2869 51
2870 22
2871 29
2872 26
2873 19
2874 26
2875 23
2876 21
2877 26
2878 18
2879 25
2880 11
2881 24
2882 24
2883 21
2884 27
2885 27
2886 22
2887 30
2888 26
2889 28
2890 31
2891 17
2892 27
2893 30
2894 19
