2586 13
2587 27
2588 13
2589 54
2590 43
2591 21
2592 39
2593 44
2594 21
2595 21
2596 18
2597 26
2598 22
2599 28
2600 21
2601 1
2602 24
2603 20
2604 55
2605 53
2606 63
2607 54
2609 53
2610 31
2611 50
2612 55
2613 42
2614 29
2615 32
2616 24
2617 19
2618 35
2619 12
2620 14
2621 8
2622 21
2623 28
2624 26
2625 18
2626 25
2627 26
2628 37
2629 29
2630 25
2631 26
2632 19
2633 12
2634 23
2635 23
2636 1
2637 38
2638 26
2639 24
2640 24
2641 30
2642 20
2643 23
2644 27
2645 28
2646 23
2647 30
2648 22
2649 21
2650 25
2651 27
2652 30
2653 23
2654 29
2655 25
2656 21
2657 20
2658 17
2659 17
2660 36
2661 22
2662 22
2663 36
2664 29
2665 18
2666 20
2667 55
2668 22
