1137 23
1138 10
1139 33
1140 20
1141 8
1142 52
1143 9
1144 21
1145 27
1146 24
1147 36
1148 30
1149 23
1150 18
1151 31
1152 1
1153 16
1154 16
1155 42
1156 17
1157 19
1158 33
1159 39
1160 33
1161 15
1162 29
1163 20
1164 18
1165 5
1166 24
1167 30
1168 23
1169 10
1170 22
1171 18
1172 11
1173 15
1174 22
1175 16
1176 19
1177 23
1178 23
1179 16
1180 12
1181 11
1182 27
1183 20
1184 24
1185 21
1186 24
1187 20
1188 31
1189 25
1190 18
1191 30
1192 35
1193 15
1194 25
1195 12
1196 24
1197 25
1198 29
1199 11
1200 21
1201 21
1202 12
1203 24
1204 24
1205 19
1206 40
1207 32
1208 5
1209 32
1210 31
1211 32
1212 56
1213 21
1214 19
1215 12
1216 16
1217 36
1218 32
1219 29
1220 23
1221 5
1222 18
1223 24
1224 24
1225 24
1226 19
1227 20
1228 22
1229 21
1230 34
1231 11
1232 21
1233 23
1234 10
1235 9
1236 53
1237 51
1238 45
1239 48
1240 41
1241 43
1242 30
1243 28
1244 24
1245 54
1246 34
1247 38
1248 86
1249 65
1250 11
1251 31
1252 22
1253 46
1254 23
1255 23
1256 26
1257 36
1258 22
1259 26
1260 26
1261 25
1262 21
1263 21
1264 29
1265 29
1266 7
1267 15
1268 31
1269 19
1270 8
1271 7
1272 14
1273 30
1274 19
1275 22
1276 22
1277 25
1278 21
1279 27
1280 29
1281 26
1282 4
1283 17
1284 22
1285 25
1286 40
1287 46
1288 43
1289 54
1290 73
1291 36
1292 46
1293 35
1294 55
1295 47
1296 29
1297 31
1298 52
1299 19
1300 18
1301 15
1302 17
1303 37
1304 21
1305 37
1306 20
1307 17
1308 18
1309 25
1310 20
1311 21
1312 23
1313 18
1314 26
1315 21
1316 12
1317 14
1318 28
1319 25
1320 15
1321 27
1322 21
1323 20
