941 44
2796 35
2797 20
2798 27
2799 23
2800 49
2801 28
2802 22
2803 31
2804 24
2805 29
2806 26
2807 14
2808 27
2809 26
2810 23
2811 24
2812 26
2813 32
2814 21
2815 25
2816 26
2817 15
2818 8
2819 28
2820 24
2821 22
2822 5
2823 23
2824 23
2825 24
2826 18
2827 19
2828 31
2829 23
2830 24
2831 27
2832 13
2833 29
2834 21
2835 9
2836 26
2837 26
2838 21
2839 35
2840 21
2841 25
2842 38
2843 26
2844 17
2845 12
2846 44
2847 22
2848 19
2849 18
2850 12
2851 7
2852 23
2853 25
2854 54
2855 26
2856 27
2857 23
2858 31
2859 30
2860 24
2861 22
2862 12
2863 21
2864 21
2865 27
2866 2
2867 16
2868 24
2869 51
2870 22
2871 29
2872 26
2873 19
2874 26
2875 23
2876 21
2877 26
2878 18
2879 25
2880 11
2881 24
2882 24
2883 21
2884 27
2885 27
2886 22
2887 30
2888 26
2889 28
2890 31
2891 17
2892 27
2893 30
2894 19
2895 33
2896 28
2897 26
2898 20
2899 15
2900 36
2901 26
2902 31
2903 21
2904 27
2905 24
2906 14
2907 37
2908 42
2909 17
2910 36
2911 22
2912 27
2913 23
2914 13
2915 31
2916 24
2917 39
2918 18
2919 2
2920 21
2921 15
2922 25
2923 17
2924 25
2925 21
2926 12
2927 24
2928 35
2929 24
2930 20
2931 25
2932 14
2933 29
2934 43
2935 64
2936 45
2937 57
2938 30
2939 35
2940 26
2942 54
2943 35
2944 17
2945 30
2946 8
2947 15
2948 21
2949 20
2950 26
2951 33
2952 22
2953 17
2954 8
2955 23
2956 16
2957 19
2958 21
2959 26
2960 23
2961 18
2962 23
2963 22
2964 44
2965 27
2966 24
2967 28
2968 41
2969 23
2970 14
2971 45
2972 28
2973 20
2974 23
2975 26
2976 29
2977 23
2978 24
2979 23
2980 28
2981 26
2982 20
2983 26
2984 30
2985 27
2986 27
2987 28
2988 16
2989 17
2990 13
2991 19
2992 30
2993 33
2994 56
2995 49
2996 28
2997 43
2998 49
2999 48
3000 50
3001 58
3002 46
3003 17
3004 21
3005 12
3006 24
3007 18
3008 16
3009 21
3010 20
3011 18
3012 23
3013 26
3014 24
3015 40
3016 25
3017 16
3018 27
3019 37
3020 20
3021 22
3022 26
3023 19
3024 29
3025 28
3026 26
3027 23
3028 29
3029 22
3030 10
3031 26
3032 30
3033 22
3034 23
3035 18
3036 22
3037 26
3038 23
3039 20
