2441 31
2442 25
2443 30
2444 18
2445 23
2446 37
2447 6
2448 20
2449 29
2450 32
2451 29
2452 21
2453 21
2454 30
2455 25
2456 30
2457 24
2458 23
2459 16
2460 34
2461 9
2462 28
2463 16
2464 26
2465 40
2466 25
2467 26
2468 28
2469 23
2470 22
2471 24
2472 17
2473 30
2474 26
2475 2
2476 22
2477 26
2478 29
2479 19
2480 18
2481 14
2482 15
2483 12
2484 22
2485 17
2486 35
2487 27
2488 11
2489 16
2490 24
2491 14
2492 13
2493 17
2494 14
2495 29
2496 17
2497 29
2498 32
2499 15
2500 29
2501 25
2502 30
2503 26
2504 6
