1 28
4146 22
4147 26
4148 2
4149 19
4150 24
4151 25
4152 21
4153 27
4154 20
4155 19
4156 31
4157 21
4158 21
4159 23
4160 41
4161 14
4162 22
4163 27
4164 32
4165 17
4166 21
4167 23
4168 33
4169 32
4170 30
4171 24
4172 22
4173 30
4174 21
4175 17
4176 22
4177 29
4178 27
4179 32
4180 33
4181 45
4182 33
4183 24
4184 31
4185 28
4186 31
4187 31
4188 2
4189 43
4190 20
4191 26
4192 25
4193 29
4194 29
4195 28
4196 25
4197 20
4198 32
4199 21
4200 28
4201 22
4202 28
4203 23
4204 21
4205 26
4206 8
4207 12
4208 18
4209 12
4210 34
4211 20
4212 23
4213 25
4214 35
4215 8
4216 15
4217 27
4218 26
4219 29
4220 31
4221 21
4222 24
4223 23
4224 27
4225 37
4226 59
4227 32
4228 49
4229 54
4230 55
4231 30
4232 48
4233 64
4234 58
4235 0
4236 23
4237 23
4238 17
4239 23
4240 24
4241 26
4242 33
4243 24
4244 21
4245 17
4246 19
4247 23
4248 15
4249 23
4250 14
4251 22
4252 26
4253 13
4254 25
4255 19
4256 34
4257 33
4258 35
4259 20
4260 46
4261 49
4262 34
4263 44
4264 42
4265 39
4266 5
4267 23
4268 20
4269 16
4270 17
4271 10
4272 19
4273 21
4274 18
4275 13
4276 26
4277 10
4278 27
4279 26
4280 25
4282 16
4283 32
4284 18
4285 14
4286 19
4287 33
4288 31
4289 20
4290 26
4291 34
4292 37
4293 24
4294 17
4295 2
4296 24
4297 18
4298 31
4299 23
4300 25
4301 19
4302 28
4303 25
4304 18
4305 22
4306 23
4307 22
4308 31
4309 33
4310 42
4311 21
4312 15
4313 20
4314 40
4315 15
4316 28
4317 29
4318 38
4319 38
4320 6
4321 39
4322 44
4323 51
4324 48
4325 43
4326 18
4327 22
4328 27
4329 26
4330 17
4331 31
4332 29
4333 36
4334 12
4335 42
4336 19
4337 23
4338 26
4339 19
4340 21
4341 20
4342 20
4343 23
4344 28
4345 27
4346 22
4347 25
4348 17
4349 18
4350 22
4351 25
4352 32
4353 19
4354 28
4355 60
